3 PM  Mon 24th-Mar-2014___0.384 kwh  
5AM  15-Aug-2014___1.201  kwh 
__8PM Thu 20-Mar-2014____1.523 kwh  
  6PM  23rd-Apr-2014___0.424  kwh
_1AM  Friday 19th-Dec-2014___0.209  kwh  
_5AM  Tue 19th-Aug-2014___1.228  kwh 
  12PM  Mon 7th-Jul-2014___1.296 kwh 
7 AM  Tue 25-Nov-2014__0.437 kwh
 _8AM  14-Aug-2014__0.523 kwh 
 __4PM  25th-Jan-2014__2.052kwh  
 4PM   11th-Feb-2014_0.509 kwh 
  _1 AM   Friday 11-Jul-2014____0.547 kwh 
 __12AM   Sun 28-Dec-2014_0.845kwh
  8 PM  Tue 01-Apr-2014____0.557 kwh 
 _3AM   Tue 04th-Feb-2014____0.283 kwh 
_11PM  Sunday 11th-May-2014___0.344  kwh  
  7 PM  24-Jun-2014__2.948  kwh 
 __1 AM   19th-Jun-2014_0.378 kwh 
__8 PM 23rd-Sep-2014_0.963  kwh  
  _12PM  26-Jul-2014____1.469  kwh  
 __11AM  Monday 23rd-Jun-2014_1.017 kwh
 __9 AM Tuesday 01-Jul-2014_0.626  kwh  
_1PM   Tuesday 11th-Feb-2014____0.547 kwh 
 __11 AM   23-Dec-2014_0.578kwh 
  __10 PM Sat 20-Dec-2014_0.392 kwh  
10AM  Sat 17th-May-2014___0.514 kwh 
  _12PM   Mon 28th-Apr-2014_0.147 kwh
 _1 PM Sat 8th-Mar-2014___0.542 kwh
  _11PM   21-Jan-2014__0.89kwh 
 _12AM 17-Jan-2014__0.546 kwh
 __12AM  2-Apr-2014___0.10kwh
__12 AM   Sunday 1st-Jun-2014____1.67  kwh 
  4 PM Fri 24th-Oct-2014__0.269kwh
_6AM   03-Oct-2014____0.626kwh
  _10PM  15-Nov-2014__0.203  kwh  
_2AM   Thu 08-May-2014____0.178kwh 
__10PM   Fri 25-Apr-2014____0.231 kwh
  __10AM Monday 8-Sep-2014___0.308kwh
__4PM  Wed 03rd-Sep-2014____0.33  kwh 
__4AM   24-Aug-2014__0.385  kwh  
_8PM  Sun 23-Mar-2014____1.67  kwh  
 12AM  9-Jan-2014___0.54 kwh 
 1 AM Thu 15th-May-2014__0.15 kwh
 11PM Fri 31-Oct-2014__0.558  kwh 
__12PM   Friday 15th-Aug-2014___0.552 kwh
_8AM 15-Mar-2014_0.988  kwh 
 _6 PM 21st-Jan-2014_2.912  kwh 
  _10PM 26th-Oct-2014_0.246  kwh
  __8 AM 02nd-May-2014____0.272kwh
  __2 PM   30-Nov-2014____0.403 kwh  
__6AM  Sun 13th-Apr-2014___0.245 kwh  
1PM  7-Jul-2014_0.874  kwh 
 9 PM Friday 17-Jan-2014__0.672kwh 
3 PM  7-Jan-2014_0.84kwh 
__9PM 31-May-2014_0.326 kwh
 5 PM   Thu 18th-Dec-2014___1.53kwh 
 __1PM  Thu 13th-Feb-2014___0.432 kwh 
 1PM  Tue 17-Jun-2014____0.814  kwh 
  _11 PM  Mon 11-Aug-2014___0.618 kwh
  __12PM 13-Feb-2014___0.594 kwh 
_11PM Sun 5th-Oct-2014__0.264kwh 
  __9PM  Fri 14-Mar-2014____0.314 kwh  
  3AM   6th-Sep-2014____0.185 kwh 
 __6PM  Thu 6-Nov-2014___0.731  kwh  
 __2AM Thu 09-Jan-2014__0.40kwh
  __2 PM  13th-Dec-2014___0.986  kwh
  11 PM Tue 6th-May-2014_0.464 kwh  
__4PM 9-Jan-2014_0.848 kwh  
  3AM  5-Feb-2014____0.228kwh
  9 AM Wed 16th-Jul-2014___0.799 kwh  
__12AM  Thu 08-May-2014____0.245  kwh  
  12 AM Thu 25th-Dec-2014___0.333kwh
  4 AM 23rd-Jan-2014_0.384  kwh
 _7PM  Wed 3-Sep-2014__1.008kwh
 _6 PM   07-Nov-2014___0.624 kwh 
3 AM   Mon 7-Jul-2014___0.394kwh 
 __11AM   15th-Nov-2014_0.289kwh 
 _12AM  Wednesday 05-Mar-2014__0.266kwh  
  _11 PM  13th-Aug-2014__0.612kwh
  3PM  Thu 20-Nov-2014____0.151  kwh  
 _6PM   Monday 17th-Mar-2014___1.165 kwh  
__1 AM 22nd-Jan-2014____0.376  kwh  
  __11 PM   Thu 03rd-Jul-2014___1.164 kwh  
 _6 AM Thu 13-Mar-2014____1.066  kwh 
  8 PM   Mon 24th-Feb-2014____2.304kwh
10PM Sun 7-Dec-2014_0.55  kwh
 _10AM  Wed 04th-Jun-2014__0.655  kwh  
  __3PM Sunday 02nd-Mar-2014_0.842 kwh  
__4 PM 16-Jul-2014___0.998kwh  
 12PM Sun 23-Feb-2014____0.583 kwh  
  3AM  13th-Jan-2014__0.38kwh  
1PM Thursday 16th-Oct-2014____0.25kwh 
  __1 AM   Monday 29th-Dec-2014___0.22kwh 
  __12 PM Wed 07th-May-2014__0.416kwh
  6PM Saturday 22-Feb-2014_2.462 kwh
  8AM Tue 15th-Jul-2014____0.835  kwh  
_1 AM Tuesday 29th-Jul-2014____0.576 kwh 
9AM Mon 24-Feb-2014____0.324 kwh
 2AM  Thu 2-Jan-2014___0.348 kwh  
3AM  Tuesday 11-Mar-2014_0.155kwh
  6 PM   18-Apr-2014____0.445kwh 
  _9AM   Mon 7-Jul-2014_0.763  kwh 
__4AM 3-May-2014____0.23 kwh  
 _1 PM Fri 07-Mar-2014__0.285  kwh
__8AM 02nd-Oct-2014___0.192 kwh
__6AM   Saturday 30-Aug-2014__0.998  kwh
__3AM   Wed 17-Dec-2014__0.209 kwh 
  _3AM   09-Sep-2014____0.157kwh  
 __11AM  Wednesday 24-Dec-2014_0.578kwh 
  __8PM   17-Apr-2014_0.418kwh  
 _2PM   Thu 05-Jun-2014____0.59  kwh
_2PM  5-Oct-2014_0.504  kwh
 5 AM  15-Jan-2014_2.574  kwh  
__11AM  Wednesday 15-Oct-2014___0.351kwh
  __5AM   Fri 19-Sep-2014___0.924kwh
 __9AM Wed 24-Dec-2014___0.37 kwh
 __4 PM Tuesday 08-Apr-2014____0.144 kwh
 __2PM  20th-Aug-2014____0.576 kwh
__7 PM 1-Apr-2014_0.562 kwh  
 12AM Saturday 26th-Apr-2014__0.194kwh  
_5AM Thu 7-Aug-2014__1.386kwh
  _8AM  20-Jul-2014____2.558 kwh
  2 AM  09-Sep-2014__0.158 kwh  
__9AM Fri 23rd-May-2014___0.209  kwh 
 11 AM Wednesday 5-Nov-2014__0.252 kwh 
  9 AM   22-Sep-2014____0.174kwh  
__2PM   8th-Jan-2014__0.728  kwh  
 __12PM  21st-Mar-2014_0.416 kwh
 _10AM   30th-Dec-2014____0.431  kwh  
  __1 PM Wed 12-Mar-2014_0.294kwh
  __3AM  Sun 16-Nov-2014__0.122kwh  
6AM  15-Nov-2014_0.367kwh  
 _4 AM Fri 2nd-May-2014_0.154 kwh
 _6AM  Thu 8-May-2014____0.797 kwh  
  __1PM Wed 08-Oct-2014___0.223kwh 
 11PM   Sun 25-May-2014___0.372kwh 
 __7PM 18th-Nov-2014__0.778 kwh
 _12 PM Wednesday 26th-Feb-2014__0.702kwh 
_10PM  Fri 19-Sep-2014___0.412 kwh
  _10 AM 13th-Apr-2014____0.166  kwh
  __6AM   21-Aug-2014__1.166  kwh
  __3 AM 21st-May-2014____0.162 kwh 
  5 AM Thu 30-Oct-2014_0.601kwh 
 12 AM   Tuesday 2nd-Dec-2014___0.267kwh
_9 PM  06th-Jun-2014____0.785 kwh  
__11 AM  Tue 30th-Dec-2014__0.446kwh 
  7PM   Tuesday 15-Jul-2014_4.277kwh
  __1AM   Monday 25th-Aug-2014___0.226kwh
__12AM  13th-Aug-2014___0.396kwh  
 __10AM Fri 21-Feb-2014__0.413  kwh 
  __7PM Tue 22-Jul-2014____4.277kwh  
  12 AM  Tue 2nd-Sep-2014_0.172 kwh 
2AM Fri 14-Mar-2014___0.152kwh 
 8 AM  Monday 24th-Feb-2014____0.461kwh
 11AM 20th-Jan-2014___0.93kwh
  _7 PM Sun 13th-Jul-2014____4.925kwh  
8PM  28-Apr-2014____0.538 kwh  
_9AM  08-Dec-2014____0.30 kwh  
  __2PM  26-Jul-2014___2.189kwh 
  _7AM  Fri 31st-Oct-2014__0.556 kwh  
12PM  Wed 14th-May-2014_0.372 kwh  
  7PM Wed 22nd-Jan-2014___3.564  kwh  
4PM 04-Sep-2014__0.269 kwh
10PM  Sun 15th-Jun-2014____1.035kwh  
  7AM   Saturday 19-Jul-2014____2.909  kwh  
 __2 PM Thu 25th-Dec-2014____0.40  kwh 
 _2PM   14-Jan-2014___0.672kwh 
2 PM   Friday 12th-Dec-2014_0.488 kwh
  _1 PM 22nd-May-2014____0.317  kwh 
 __1AM 31st-Jan-2014____0.436 kwh  
 _3AM Sun 20th-Jul-2014____0.806kwh
 _4AM   Fri 12-Dec-2014_0.176kwh
 4PM 6th-Oct-2014____0.288 kwh
  _4AM   29-Jan-2014____0.324  kwh  
 7AM  Sat 28-Jun-2014__2.354kwh
  __5 PM  Thu 30th-Jan-2014____2.73  kwh  
 8 AM 24-Oct-2014__0.24  kwh 
 __3 PM  Monday 27-Oct-2014_0.286  kwh 
  2AM Sat 24-May-2014___0.204 kwh  
 4 PM  2nd-Jun-2014____0.756 kwh 
  __1PM 2-May-2014_0.304 kwh
  _3AM   Sat 7-Jun-2014___0.437  kwh 
  6PM  Thu 31-Jul-2014___3.494 kwh 
__5PM Wed 17th-Dec-2014__1.187  kwh 
__9AM 1st-Mar-2014__0.864kwh
 __8AM  Sun 01st-Jun-2014_2.083kwh  
  2 PM Monday 11th-Aug-2014___0.514 kwh  
 __12 PM   01-Jun-2014_0.94 kwh 
 __9PM  05-Apr-2014__0.113kwh
  __12AM  Sat 6th-Sep-2014__0.655kwh 
 __7PM Sat 29-Nov-2014__0.689  kwh  
 __8PM 13-Apr-2014__0.524 kwh
  10PM   6-Oct-2014____0.288kwh  
  12AM Tuesday 19-Aug-2014__0.346kwh  
 4 AM   Monday 28th-Apr-2014__0.061 kwh  
 _11 PM Fri 24-Oct-2014__0.648 kwh 
7AM   15-Apr-2014____0.216  kwh
  __10PM 24-May-2014_0.368 kwh  
_8 AM  Tue 15-Apr-2014____0.108  kwh  
 __6AM   14th-Jul-2014____3.168kwh 
 _3AM  Mon 23rd-Jun-2014_0.32  kwh
  _4 PM   13th-Feb-2014__0.523  kwh  
  _6PM Mon 17th-Nov-2014__0.662kwh  
 _8 AM   27-Jan-2014___0.864  kwh
 _10AM   22nd-Jul-2014___1.133  kwh
  __2AM Sunday 19th-Jan-2014____0.684kwh 
6PM   25-Jan-2014_3.492kwh
  9AM  31st-Oct-2014___0.173kwh 
  _5AM  5th-Oct-2014_0.212  kwh  
  _5AM   26th-Jan-2014__0.618 kwh  
  _1 AM 19th-Feb-2014___0.233  kwh  
__11 AM 24-Jan-2014___1.10  kwh 
  __5PM   28th-Mar-2014__1.009 kwh
  __7PM 7-Sep-2014_1.474  kwh 
  _3 AM  19th-Sep-2014____0.155 kwh  
9PM Sunday 22nd-Jun-2014___1.069kwh 
2PM   Monday 24th-Mar-2014___0.307kwh  
  __7PM   Sun 5-Jan-2014__4.068kwh  
 __9 AM  Wednesday 5-Nov-2014_0.109  kwh
  6PM   23rd-Jun-2014___2.041  kwh  
 __6 AM   16-Jun-2014___2.225  kwh 
  _9 AM   Mon 7-Apr-2014_0.082 kwh  
  _4AM Tuesday 13-May-2014__0.186 kwh
 __10PM   27-Nov-2014___0.207 kwh 
__9AM   Sat 21st-Jun-2014___1.49 kwh  
 _2AM Tue 4-Mar-2014__0.15  kwh
2PM Sun 12th-Jan-2014____1.824  kwh  
 _7AM   Wed 19-Mar-2014__0.799kwh
__8AM Saturday 14th-Jun-2014____2.574  kwh
  _3PM   14th-Dec-2014_0.842  kwh  
_12PM   Wed 12-Mar-2014__0.348  kwh  
__7AM 24-Feb-2014___0.95kwh  
6PM 21st-Sep-2014__1.21 kwh 
_8PM 8th-Jan-2014_2.56kwh 
 5 AM  9th-Nov-2014__0.149kwh 
  _8AM   Fri 1-Aug-2014_0.418  kwh
 4PM 16-Apr-2014__0.121 kwh 
  __7PM  Mon 01-Sep-2014____1.197 kwh
  _3AM   Tue 04-Nov-2014__0.084 kwh
__6PM 10-Nov-2014____0.687 kwh
12 AM   Wed 31st-Dec-2014____0.36 kwh  
  _3AM  Sat 22-Mar-2014__0.24  kwh
 __9AM 19-Jun-2014_0.437  kwh  
__1AM  26th-Mar-2014____0.149kwh
  _4AM   Monday 3rd-Feb-2014____0.283  kwh 
1PM   Thursday 11-Sep-2014____0.23 kwh  
  __9 AM  26th-Jun-2014____0.637kwh 
__6PM Thursday 7-Aug-2014_1.478 kwh 
 __12 PM  Saturday 4th-Oct-2014__0.432kwh  
 _6AM   20-Jun-2014_2.441  kwh 
__7AM   Sunday 17th-Aug-2014__1.44  kwh 
  _11PM   Tue 8-Jul-2014_1.188  kwh  
_9AM Friday 21-Feb-2014_0.40  kwh 
  __8AM   Mon 6th-Oct-2014____0.262 kwh
 __12PM 22nd-Apr-2014_0.147 kwh
_2 AM   Tuesday 4th-Feb-2014_0.264  kwh
  8PM  Mon 8th-Sep-2014__0.986  kwh  
 _2 PM   Saturday 6-Dec-2014_0.862kwh  
  __8 AM   Mon 24-Mar-2014__0.349  kwh
  __12 AM   12-Jun-2014___0.432kwh 
 _9PM  23rd-Nov-2014__0.311 kwh
11 AM   27th-Apr-2014_0.169  kwh  
 8AM   08-Jan-2014__0.912  kwh 
  8 PM   Fri 18th-Apr-2014__0.576 kwh 
 __7AM  17th-Sep-2014____0.542kwh 
 8PM Sun 31st-Aug-2014___2.095  kwh
__1 AM   Wed 24-Dec-2014___0.255  kwh
  __6PM Sunday 25th-May-2014_1.267kwh
__1 PM Fri 13th-Jun-2014___0.583 kwh
 9 PM   Tue 18th-Nov-2014_0.308 kwh 
 3 PM   10th-Nov-2014____0.176  kwh 
 _10 PM   Thu 23-Jan-2014___1.07kwh 
2PM   13th-Jul-2014_1.92kwh
  _11AM   9-Jul-2014___1.14 kwh 
 10 AM  3-Aug-2014___0.677kwh
 4PM  5th-Aug-2014__0.557kwh
  _2AM   Fri 28th-Feb-2014____0.211 kwh  
  __1PM Mon 24th-Mar-2014_0.288kwh
__12AM  27-Apr-2014___0.283  kwh  
  __1AM 3-Jul-2014__0.494  kwh 
 _2 AM  08th-Jan-2014___0.444  kwh
  5AM   Fri 24th-Jan-2014____2.178 kwh  
  11 AM 3rd-May-2014___0.403 kwh
  _9 AM Saturday 19th-Jul-2014___2.506  kwh
 5AM  Thu 25-Dec-2014____1.379kwh
  10 AM Friday 5-Dec-2014_0.493 kwh
 2PM  22-Jan-2014__0.712 kwh 
 _2PM  09th-Jul-2014__1.152  kwh 
 _10AM  Wed 20th-Aug-2014___0.466  kwh
_9AM Sat 6-Sep-2014_0.743 kwh 
 _5PM Fri 2-May-2014____0.874  kwh
__9 AM  1st-Nov-2014____0.369 kwh 
 _10 AM Sunday 1st-Jun-2014__1.037  kwh  
  _11 PM   17-Mar-2014__0.388  kwh 
 _2AM Mon 10-Nov-2014___0.098  kwh
  8AM  Wednesday 9th-Jul-2014_0.95kwh
 11 PM   Sunday 24-Aug-2014____0.546kwh
 9 AM  Wed 30-Jul-2014_0.778  kwh 
6 PM   20th-Jun-2014___2.948kwh 
  _7 PM 11th-Nov-2014____0.705kwh  
  __4 AM Sat 28-Jun-2014_0.486 kwh
11 AM  28th-Apr-2014_0.147kwh 
 _9AM Tue 7th-Jan-2014____0.552kwh  
__2PM  Monday 24-Feb-2014___0.466kwh 
 __11AM Sunday 23-Feb-2014___0.634 kwh  
 2AM  Wed 19-Mar-2014__0.176 kwh  
 _11 AM  6th-Jan-2014_1.11 kwh 
  _3 AM   29-Dec-2014__0.196 kwh 
 __8 AM  15th-Dec-2014_0.449 kwh  
 _4 PM   26th-Nov-2014_0.148  kwh  
_11 AM   Mon 09th-Jun-2014__0.792kwh  
_7PM  Tue 13th-May-2014___1.44 kwh
 3PM   10th-Aug-2014___1.156  kwh  
_7 PM   Sat 13-Sep-2014__1.071  kwh  
__7PM   06-Sep-2014__1.184kwh  
__7PM Fri 5th-Dec-2014__2.178kwh
  _9 AM  06-May-2014__0.238kwh
  12AM   Sun 20th-Jul-2014___1.901kwh  
10 PM  2nd-Nov-2014_0.212kwh
  __8 PM   14-Mar-2014_1.408kwh
__8 AM Wed 23rd-Apr-2014___0.112kwh  
  4AM   24th-Apr-2014____0.071 kwh 
  __7AM   03-Jan-2014_1.80  kwh  
  _2AM Tue 03-Jun-2014___0.36kwh
  _7AM  22nd-Oct-2014____0.47kwh 
  _11PM  Thu 13th-Feb-2014____0.618kwh  
  1 AM   Mon 28-Apr-2014____0.058kwh 
__3 PM   Tue 15-Jul-2014___1.066  kwh 
 _8 PM  Sunday 18-May-2014___1.44 kwh
 __8PM   27th-Jun-2014_2.851 kwh
__9PM   Sun 09th-Mar-2014___0.528  kwh
__8PM 28-Nov-2014_0.864  kwh
__10PM 11-May-2014___0.452kwh  
  _9 PM  1-Oct-2014___0.425 kwh 
 1PM   Thu 27th-Feb-2014__0.437 kwh  
  __5 PM  Tuesday 20-May-2014__0.905  kwh
 6 PM  2nd-Jul-2014__3.797  kwh 
  _12 PM   23-Nov-2014___0.284 kwh
 12PM  5th-Oct-2014_0.346 kwh 
 7AM   Thu 10th-Jul-2014_2.052 kwh  
  8PM Wed 9th-Jul-2014____4.531  kwh 
_8 AM  Tuesday 6th-May-2014___0.339 kwh  
  __12AM  08th-Oct-2014__0.189  kwh
 __12 AM Mon 17-Feb-2014___0.367 kwh
2PM  4-Oct-2014___0.47kwh
11AM Fri 28-Feb-2014___0.63kwh
6PM   3rd-May-2014__1.224  kwh
_2AM  18-Jul-2014___0.499 kwh 
 _2PM   Tue 02-Dec-2014___0.387 kwh 
_7AM 5th-Aug-2014_0.907kwh
 _8PM 13th-Mar-2014_1.216kwh 
5AM Wed 5th-Feb-2014____1.201 kwh 
_10 PM  Thu 11th-Sep-2014__0.399kwh
 __5AM Tuesday 15th-Jul-2014__2.534 kwh  
  _11 AM 25-Feb-2014__0.54kwh  
  7 PM   23-Sep-2014_1.424 kwh 
 __1 PM  28-May-2014_0.358kwh 
5 PM 14th-Sep-2014__0.674 kwh
__3PM Sun 9th-Mar-2014__0.605 kwh  
 __6AM 7th-Feb-2014___1.181 kwh
__11AM   28-Jan-2014_0.98  kwh 
 4 PM Tue 16-Sep-2014___0.26  kwh  
10 AM 23rd-Feb-2014__0.662  kwh 
_2AM   21-Oct-2014_0.107  kwh  
  _10PM 3-Feb-2014___0.612  kwh
  _4PM   19-May-2014___0.314 kwh 
  __9PM  Sat 24th-May-2014__0.301kwh 
 _8AM Tue 18-Mar-2014_0.362 kwh
_10AM  Mon 24-Feb-2014___0.523 kwh
 _12PM 12-May-2014____0.376kwh
 _1 AM   Fri 25-Jul-2014_0.509kwh  
  _6AM  Thu 10th-Jul-2014____3.11  kwh
 _4 AM   25-Dec-2014_0.178kwh  
  5AM   27-Oct-2014__0.594kwh
_5AM Wed 02-Apr-2014_0.363kwh
  _2 PM   5-Jul-2014_2.15  kwh 
_4AM  7-Mar-2014____0.162  kwh 
__5AM   Tuesday 16-Sep-2014___0.816 kwh 
 __7 AM   8th-Nov-2014_0.432  kwh 
__6AM  29th-Apr-2014__0.364 kwh 
_1PM  1-May-2014_0.285 kwh 
  12AM   21st-Oct-2014__0.176  kwh
 _3 PM  13th-Feb-2014_0.456  kwh  
__6AM  8-Nov-2014__0.288 kwh
  10 AM   Thursday 16-Oct-2014__0.274 kwh 
 __7PM   12-Jan-2014___4.248  kwh 
  11PM  14-Mar-2014____0.96 kwh
__5 AM  Thursday 2nd-Oct-2014_0.62 kwh
  __2 PM  09th-Feb-2014____0.826kwh
  __2PM 21st-May-2014_0.291 kwh  
  __4 AM 15th-Oct-2014____0.142  kwh
  9 PM  18-Jul-2014____0.893kwh  
 __12AM   Wed 30-Apr-2014__0.092  kwh 
 _9AM   19th-Mar-2014____0.228  kwh 
  5PM 8-Jun-2014__1.879 kwh  
  __9AM 5-Jun-2014___0.454 kwh  
  __8AM  Sun 26-Oct-2014_0.85 kwh  
5 AM  Wed 9th-Apr-2014___0.284  kwh 
 _11PM  9th-Aug-2014__1.356 kwh  
__6PM  Tuesday 25th-Nov-2014_0.725  kwh 
  12AM  28-Feb-2014_0.374kwh 
11PM   Sun 09th-Nov-2014__0.218kwh
  _3PM   Saturday 25-Jan-2014___2.16  kwh 
 __7PM Sun 27-Jul-2014__4.277kwh 
  __11PM  23rd-Jul-2014_1.404kwh  
6AM 11-Sep-2014___0.874kwh  
  _2 PM Wednesday 2nd-Apr-2014___0.096kwh  
__4AM   Tue 6-May-2014__0.147 kwh  
 10AM   24-Aug-2014_0.619  kwh
  _10 AM  15-May-2014____0.307  kwh  
 9PM 21-Sep-2014___0.433kwh  
 __1 PM  Tue 28th-Jan-2014___0.72kwh 
  _9 AM   20-Jan-2014__0.636kwh
 _2AM   30th-May-2014_0.174  kwh  
 _10AM  Monday 10-Nov-2014____0.193  kwh  
 __10 AM  26th-Oct-2014_0.295kwh 
  3 AM  Fri 4-Jul-2014__0.451 kwh  
 __8 PM   21st-Sep-2014____1.084kwh
 5 PM   Friday 20-Jun-2014__2.036  kwh 
__8 PM   11th-Feb-2014____1.882  kwh
  11 AM   Sun 14th-Sep-2014____0.353kwh 
_11AM Tue 23-Sep-2014_0.357 kwh 
 3AM  Fri 10-Oct-2014____0.139  kwh 
  __1PM   07-Jan-2014____0.672 kwh  
  8PM  Sun 16-Nov-2014_0.867  kwh 
__1PM Sun 20th-Jul-2014_1.57  kwh  
__5PM  09-May-2014__0.998 kwh 
 __5AM  Sun 25th-May-2014__0.288  kwh
 __2AM 12th-Jan-2014____0.582 kwh  
 _9PM   Mon 09th-Jun-2014___1.102 kwh
  1PM  26-Sep-2014____0.235kwh  
  __8AM  Fri 05th-Dec-2014____0.427  kwh
  _9PM Wed 19th-Mar-2014_0.49kwh 
  _2 AM   6-Mar-2014___0.19  kwh  
7 PM 24th-Feb-2014____2.484  kwh
  5PM  Thu 07th-Aug-2014___1.326 kwh 
 _4 AM 4-Jul-2014_0.446kwh 
 _8 AM Tuesday 16th-Dec-2014_0.392  kwh 
__8AM Sat 28-Jun-2014____2.457 kwh  
__1 AM 1-Dec-2014_0.198kwh  
2AM  Mon 17-Feb-2014___0.242  kwh
  7PM 28-Apr-2014____0.648kwh  
 __12AM   Mon 14th-Jul-2014___0.749  kwh 
_1PM   Sun 26th-Oct-2014_0.32kwh  
__7PM  25-Sep-2014____1.109 kwh 
 6 PM Mon 28-Apr-2014__0.479  kwh
  __8AM   17-Apr-2014___0.138 kwh  
  _7 AM   12-Feb-2014_1.253 kwh
_10 AM Thursday 3rd-Apr-2014____0.103 kwh
 4AM   Tue 17-Jun-2014__0.432 kwh 
  __5 PM   19-Apr-2014___0.284  kwh
 _11AM  11-Apr-2014__0.173kwh  
 __3AM  Friday 21st-Nov-2014_0.086  kwh  
2PM  Wednesday 2-Jul-2014___0.874 kwh
  8PM 22-Dec-2014____1.813 kwh  
  _9AM   Tuesday 5-Aug-2014__0.364  kwh 
 11PM 27th-Apr-2014__0.141kwh
__4AM   25-Jul-2014____0.557  kwh  
  6 PM Sun 13th-Jul-2014_4.838 kwh
 3AM   Tue 20th-May-2014__0.176 kwh  
 _3PM Friday 23-May-2014__0.278  kwh
_4PM   05th-Jul-2014__2.03  kwh 
 __10AM Sun 28th-Dec-2014__0.614 kwh  
1AM Thursday 30th-Oct-2014___0.122kwh  
  __3AM   14th-Aug-2014____0.286kwh  
  __6AM 08-Feb-2014__1.046kwh  
_7 AM 21st-Dec-2014_1.214  kwh
 _1 AM  12th-Jan-2014_0.558 kwh 
  12 PM  Sunday 14th-Sep-2014____0.336kwh  
6 PM  2nd-Apr-2014_0.349kwh 
_11AM   Sun 11th-May-2014____0.47 kwh 
 _6PM   Sun 20th-Apr-2014__0.535kwh
 _5AM  Thursday 27-Nov-2014____0.411kwh  
__8 AM  6th-Jun-2014____0.648 kwh  
 5PM Fri 16th-May-2014___1.134 kwh  
_3PM Wed 03-Sep-2014___0.277kwh  
  _10AM Monday 30th-Jun-2014__0.72 kwh
  _3 PM  20-Apr-2014_0.248  kwh
6 PM  26th-Jul-2014__4.277 kwh
 _1 PM   Mon 16th-Jun-2014____0.835 kwh
__4AM   Sat 23rd-Aug-2014__0.403 kwh
 __3AM   11th-Nov-2014___0.09 kwh  
 _6 AM  11-Oct-2014__0.48 kwh  
  _8AM 5-Jul-2014____3.401 kwh
__4 AM Sun 26th-Jan-2014____0.666  kwh  
_5AM Monday 01st-Dec-2014____1.428 kwh
 __8PM  Sunday 25-May-2014__1.166 kwh 
 __11AM   6th-May-2014_0.34kwh  
  6AM   06th-Jan-2014_2.472 kwh  
  __7PM  Thu 18th-Sep-2014_1.159 kwh  
  __12PM  Wed 9th-Apr-2014___0.17kwh 
 _4PM 22-Jun-2014___1.539 kwh  
_7PM Thursday 11-Dec-2014_2.059  kwh  
_3 PM  Tue 17-Jun-2014____0.77kwh
12PM  Friday 14th-Mar-2014___0.34kwh
  4AM Sun 14th-Sep-2014_0.239 kwh
  __9 PM   03-Dec-2014_0.785  kwh
9PM  Thu 27th-Nov-2014__0.292 kwh  
4PM   Mon 17-Feb-2014__0.394 kwh  
1PM  Thu 24-Apr-2014__0.096  kwh
  __4 PM   29th-May-2014__0.301 kwh 
_8AM  Tuesday 05-Aug-2014___0.48  kwh
 _1AM 04th-Sep-2014__0.147 kwh
_6AM  19-Sep-2014_0.924  kwh
 _1PM 6th-Jan-2014__0.936kwh 
 _5AM Sat 15th-Nov-2014__0.15  kwh  
  8AM   Sun 8th-Jun-2014_2.668kwh  
  7PM  19th-Feb-2014___2.203 kwh 
  _6PM   Tue 13th-May-2014__0.974kwh
  10 PM 18-Nov-2014____0.239 kwh 
__1 AM Sat 23-Aug-2014____0.342  kwh
 7PM  Sun 6th-Jul-2014__4.45  kwh 
  __9 AM  9th-Jan-2014__0.708kwh
  5 PM 3-Feb-2014_1.42  kwh  
  9AM  Saturday 11th-Jan-2014___1.53  kwh
  10AM   3-Oct-2014_0.245 kwh  
  3PM 19th-Oct-2014__0.459 kwh  
  3 PM Wednesday 18th-Jun-2014__0.792  kwh  
6AM   Wednesday 2-Jul-2014___3.053 kwh  
 __11AM  7-Jul-2014____1.392kwh
 5PM   28th-Jul-2014__3.151kwh  
 5AM   4-Mar-2014_0.818 kwh  
__8 PM   Fri 24-Oct-2014_0.979  kwh
 _6PM 28-Nov-2014____0.599 kwh 
 4PM  24-Jun-2014____0.59  kwh 
  _1PM  Thursday 6th-Feb-2014_0.518  kwh 
_5AM Thu 8-May-2014__0.739  kwh  
  __8 AM   Thu 25-Dec-2014___0.484 kwh  
_8AM Fri 12-Sep-2014_0.302kwh
  1PM Thu 17th-Apr-2014____0.13kwh  
 10PM 5-Feb-2014____0.51kwh 
  __1PM   Monday 28th-Apr-2014____0.112  kwh  
__2AM  3-Feb-2014____0.252  kwh  
  __12AM   20th-Jun-2014_0.432kwh  
_2 AM  Tue 25-Mar-2014___0.152kwh  
 _12PM  Friday 28-Mar-2014__0.388  kwh
 12AM   Wednesday 25th-Jun-2014____0.599  kwh
 __3AM  Wed 20-Aug-2014___0.202 kwh
_3 PM   Sun 8th-Jun-2014____1.766  kwh  
_9 AM Fri 7-Mar-2014____0.286  kwh
  _11PM Monday 7th-Jul-2014__1.032  kwh 
  _12PM  18th-Jun-2014____1.071kwh  
_10PM 10-Aug-2014____0.552 kwh  
 8AM   Wed 5th-Nov-2014___0.20kwh 
3AM   06-Dec-2014____0.383  kwh 
 __10PM 06th-Nov-2014____0.236 kwh
 10PM   07th-Aug-2014_0.642 kwh 
__12 AM   Fri 31-Jan-2014__0.708kwh
  4AM  29-Jul-2014___0.542  kwh
 _4AM Friday 7-Nov-2014_0.077kwh
 8PM Fri 09-May-2014___1.395kwh 
  __11 PM Tue 07th-Jan-2014_0.84 kwh 
  _2PM   Monday 13-Oct-2014__0.257  kwh  
  _7PM Sunday 03-Aug-2014___1.879  kwh
 __4AM  Mon 02nd-Jun-2014___0.389  kwh
_2PM  03rd-Dec-2014_0.352 kwh
  __1 AM   09-Jun-2014____0.407kwh 
7PM  Sat 15-Nov-2014__0.948kwh  
 _11 AM  Thu 11-Dec-2014____0.644 kwh 
 6PM  26th-Mar-2014_0.952  kwh  
  __2PM   Sunday 30-Mar-2014____0.73  kwh
 _10AM  14-Jun-2014____1.274  kwh 
3PM 27-Dec-2014__1.148  kwh  
_10AM  19-May-2014____0.381kwh 
  __12 PM  27-Jul-2014___1.627  kwh
  __4PM  26th-Jul-2014__2.57 kwh  
  __8AM 31st-Jul-2014____0.893kwh 
 5AM  Tuesday 3-Jun-2014__1.663kwh 
 _8PM Wednesday 8th-Oct-2014__1.094 kwh
  5AM  Tue 09th-Dec-2014__1.077  kwh  
_5AM 10th-May-2014___0.281  kwh 
  __6AM  8-Dec-2014_1.32  kwh 
  11 PM Thursday 20th-Feb-2014___0.72 kwh 
_5 PM 6th-Jul-2014_1.944 kwh 
 7PM  19th-Nov-2014___0.907kwh 
  _1 AM Mon 13-Oct-2014__0.101  kwh 
8PM Mon 21-Jul-2014___3.955  kwh 
  _9 PM   Thu 25-Dec-2014___0.713kwh  
  _12 PM  Mon 15th-Sep-2014____0.336 kwh
 __6 AM   14th-Jun-2014____1.555  kwh 
_10 PM  Tuesday 03rd-Jun-2014__0.954kwh
  _10PM   22nd-Apr-2014_0.137kwh 
  10PM  Sunday 19-Oct-2014____0.291 kwh  
  2PM  23-Jul-2014__0.941 kwh
 2AM   Tue 15-Apr-2014___0.057 kwh 
_4AM   8-Aug-2014_0.252kwh
 _8AM  Wednesday 16th-Jul-2014_1.094  kwh
_9 PM 3-May-2014____0.323kwh
  __9 PM  09-May-2014_0.333kwh
  8 AM  Sun 7th-Dec-2014____1.373 kwh  
  __1 AM   06th-Aug-2014_0.25  kwh
9 AM   16th-May-2014__0.25kwh 
  5AM   Fri 21st-Feb-2014_1.399kwh  
 _4 PM Mon 30th-Jun-2014__0.634  kwh
_2AM 3-Apr-2014___0.059kwh
__8AM   28-Oct-2014_0.262kwh
_10PM   Thu 21st-Aug-2014___0.51  kwh 
  9AM 28-Mar-2014___0.286 kwh  
4AM   Thu 11-Dec-2014____0.213  kwh  
_4AM   29th-Oct-2014___0.124kwh
__9PM   Sun 13-Jul-2014____1.152  kwh 
  1 PM 1-Apr-2014_0.115  kwh  
  6PM  Thu 13th-Nov-2014__0.68  kwh  
 _12 PM   14-Jul-2014___1.32 kwh
  __12 PM   Friday 18th-Apr-2014_0.159  kwh
__1 PM Mon 14-Apr-2014____0.096 kwh 
  2PM Wednesday 27th-Aug-2014__0.427kwh  
 7PM   3rd-Apr-2014___0.481 kwh
 3PM Thu 7th-Aug-2014___0.533  kwh  
 _5AM  13th-Apr-2014__0.074 kwh 
__10 PM  22nd-Feb-2014__0.494kwh  
12PM   Wed 1-Oct-2014___0.255kwh 
 __2PM Tue 04-Feb-2014_0.384kwh  
  9 AM  Thursday 2-Oct-2014____0.182  kwh 
  _3 AM   Sun 8th-Jun-2014____0.632  kwh 
 __2PM  31-Oct-2014__0.257 kwh  
__4AM Saturday 15-Nov-2014_0.146  kwh
__10AM  Friday 24-Jan-2014__0.704  kwh  
  __12 PM   6-Jun-2014__0.828kwh 
  8PM   Tuesday 21-Jan-2014_3.232  kwh 
 _9AM Fri 5-Dec-2014_0.373 kwh  
 5PM   8-Aug-2014____1.607 kwh
10PM   Wednesday 22-Jan-2014___0.80 kwh 
  5 AM   15-Mar-2014___0.228  kwh
  __2PM   Saturday 20th-Sep-2014___0.599 kwh 
10AM  31st-Mar-2014__0.365 kwh 
 8 AM   28th-Sep-2014__1.037kwh
  _1 PM   13-Apr-2014___0.151kwh 
  __9PM  8-Jan-2014____1.428 kwh
  1 PM Sunday 7-Sep-2014_0.34 kwh  
_5AM   Mon 7-Apr-2014____0.264 kwh  
 __4PM   14-Mar-2014___0.269kwh  
_7PM   Wed 27th-Aug-2014____2.57  kwh  
10 AM  Fri 17th-Oct-2014___0.252 kwh 
 _3 PM  Sat 01-Nov-2014_0.381kwh
  _3PM   Sun 5th-Oct-2014____0.481  kwh 
 11AM   Thu 30th-Jan-2014____0.93  kwh
 8PM 30-Mar-2014___1.67 kwh
4AM 9th-Sep-2014____0.123 kwh 
11PM Wed 28th-May-2014___0.404  kwh 
__7PM  07-Dec-2014_2.039kwh
__10PM   Friday 15th-Aug-2014_0.983 kwh 
  _4PM  19th-Nov-2014___0.146 kwh  
__3PM  6-Nov-2014__0.189  kwh
1AM  Fri 13-Jun-2014____0.346 kwh  
 _9AM 21-Apr-2014____0.107 kwh  
  __7AM   Tuesday 15th-Jul-2014__2.592  kwh
 4AM Monday 3rd-Nov-2014_0.078 kwh
  2PM 26-Nov-2014____0.20  kwh  
_6PM Monday 14-Apr-2014____0.403kwh  
 5 AM   Sun 15-Jun-2014_0.583kwh
  _3AM  Sun 30-Nov-2014_0.123  kwh
_4PM  15th-Feb-2014__0.886  kwh 
  6AM Fri 11-Apr-2014___0.346  kwh 
 __7 AM Wednesday 06-Aug-2014____0.918 kwh
  __7AM  06th-Jul-2014____3.168kwh 
 _12AM   7-Aug-2014___0.364kwh
  4PM  Sun 30th-Mar-2014__0.59kwh
 _8 PM   Tue 10-Jun-2014__2.88  kwh
 _3 AM   13-Dec-2014__0.327  kwh 
 _7PM Thu 6-Mar-2014_1.382kwh  
__2 PM   Sunday 2nd-Mar-2014_0.576 kwh 
  __12 AM 17-May-2014___0.614kwh 
 4 PM  Tue 25th-Nov-2014___0.212  kwh  
4 AM 1st-Nov-2014_0.116 kwh
_12PM   13-Dec-2014__0.554kwh  
__4AM  Sun 09-Nov-2014__0.132 kwh  
 _2AM  Thursday 13-Feb-2014____0.254 kwh 
__3AM Mon 28-Apr-2014____0.049  kwh
 __6AM  Friday 10-Jan-2014__2.472 kwh  
  __6PM   28-Jun-2014____3.596 kwh
  __8AM  6th-Nov-2014___0.185  kwh
_1 PM Friday 14-Feb-2014____0.48 kwh  
7 PM 03-Mar-2014____1.238 kwh 
__5 AM   07-Feb-2014____1.056kwh 
 _2AM  Mon 03rd-Mar-2014____0.134kwh 
_11 PM 16-Jan-2014___1.09kwh
 _7 AM 05th-Dec-2014____1.079 kwh 
 6PM   Thu 6th-Feb-2014____1.378kwh
__5AM 21st-Mar-2014__0.801  kwh
  5 PM   03-May-2014___0.648  kwh  
  _7PM   19-Oct-2014_1.242  kwh 
11 AM 7-Aug-2014____0.57kwh  
8AM 20-Dec-2014___1.244kwh 
10AM Tuesday 1st-Jul-2014_0.778  kwh
_7PM Sat 10-May-2014_1.714 kwh  
  3 AM   Sat 01-Mar-2014____0.23  kwh 
 12 AM Tuesday 1-Jul-2014____0.857  kwh  
_1PM   Friday 12th-Dec-2014____0.378  kwh
 __1PM 09th-Jan-2014_0.792  kwh
  __9AM 6-Jan-2014_0.504  kwh
_6 AM 30th-Sep-2014__0.966kwh  
__4PM  15-May-2014___0.262kwh 
__2 AM Tuesday 20-May-2014____0.144  kwh
4 AM   10-May-2014__0.259  kwh 
 1AM 05th-Jul-2014___0.857kwh  
_10 AM   15-Dec-2014_0.48 kwh 
__9PM   19th-Apr-2014____0.124kwh 
  2PM   17th-Mar-2014___0.339kwh 
__4AM  Friday 18th-Apr-2014___0.048  kwh
 3 AM  Sun 01st-Jun-2014___0.583 kwh
  __10AM  9-May-2014_0.358  kwh  
  __1AM Fri 09-May-2014_0.17kwh 
  _3 AM   Sun 21-Sep-2014____0.208 kwh
 7AM Thursday 12-Jun-2014___1.539  kwh  
  5 AM  Tue 6-May-2014___1.003kwh  
__6 AM   Mon 19th-May-2014___0.806 kwh 
  _2 AM Wednesday 5th-Mar-2014__0.189kwh
  6AM   19th-Mar-2014___0.768 kwh 
_12AM Friday 18th-Apr-2014__0.078  kwh  
  __7 AM  Friday 21-Mar-2014____0.85  kwh  
  9AM Wed 15th-Jan-2014____0.534kwh
  __6 AM Saturday 04th-Oct-2014___0.432 kwh  
12 PM  19-Nov-2014_0.23 kwh
_2AM   15th-Jul-2014_0.456 kwh  
  __7PM   Sat 19-Apr-2014____0.481kwh
  _2 AM   Friday 12-Sep-2014____0.153  kwh  
 11PM 22-Jun-2014_0.801  kwh 
 _8PM   25-Jan-2014_2.88kwh
  _7 AM  Friday 14-Feb-2014_1.134  kwh  
  1AM   10th-Jan-2014____0.424  kwh
 2 PM   16-Nov-2014__0.378kwh
 11 PM   24th-Jul-2014_0.96kwh  
 1AM   3rd-Dec-2014____0.185 kwh
 __8PM   31st-May-2014_1.44  kwh 
  __9PM  Friday 14-Nov-2014__0.148 kwh 
  8AM  26th-Sep-2014___0.277 kwh 
5PM  16th-Jan-2014___2.73kwh
_7AM  Sat 5-Jul-2014____3.37  kwh
  _5PM   Wed 23rd-Apr-2014___0.406  kwh
 _4PM   Tuesday 29th-Apr-2014__0.106 kwh  
9PM   27-May-2014__0.485kwh 
  _9PM  17-Oct-2014_0.271  kwh  
 _12 AM Thu 30th-Jan-2014_0.696kwh  
 __10AM   24-Mar-2014____0.294kwh  
9 AM   27th-Nov-2014__0.117  kwh  
_12 PM   17-Jan-2014____1.10kwh
 __11 PM 19th-Apr-2014__0.273kwh  
  __8 PM 07-Feb-2014____1.997kwh
 __10 AM  07-Jun-2014__1.188kwh  
  11 PM Wed 8-Jan-2014____0.81  kwh
  _11AM  Wed 3-Sep-2014____0.403 kwh
_6PM  Thu 27-Feb-2014____1.932  kwh  
 _5PM   Fri 26th-Dec-2014_1.187  kwh
_6AM  15-Apr-2014____0.353kwh 
 11PM   02nd-Mar-2014__0.384kwh
  10 AM  29th-Apr-2014__0.142 kwh
  __8AM  04th-Oct-2014__0.819kwh  
_5 PM Wednesday 02-Jul-2014____2.87  kwh
__4PM Wed 27-Aug-2014__0.494kwh 
 _6PM 14th-Feb-2014___1.747 kwh 
  _8 AM   27-Jun-2014_0.785 kwh  
 __4PM   Fri 28th-Feb-2014____0.538kwh
_4PM Mon 7th-Apr-2014____0.132 kwh  
  __7AM Fri 19th-Sep-2014_0.58kwh  
 _12PM   23rd-Oct-2014___0.282kwh  
  2PM 22-Mar-2014_0.576 kwh 
  __5PM Fri 07-Mar-2014__0.998kwh 
 12 PM 16th-Apr-2014____0.15 kwh 
  _2AM  Sun 23-Nov-2014___0.12  kwh
__3 AM 13th-Feb-2014_0.288kwh 
 __2PM  Thursday 23-Jan-2014___0.808 kwh  
 4AM 1-Apr-2014____0.053  kwh 
 __1 PM 19th-Jun-2014_0.835kwh 
  _10 PM 31-Jan-2014____1.442kwh 
 8 PM   Fri 15-Aug-2014__2.131  kwh
  __6 AM   2-Mar-2014_0.544 kwh  
  __3PM   Saturday 04-Oct-2014__0.481  kwh 
  2PM Wed 24-Dec-2014____0.484  kwh  
  __11 AM Thu 8th-May-2014_0.332 kwh 
  __8PM Mon 27th-Oct-2014___0.883  kwh 
__5PM   Sun 7-Dec-2014_1.02kwh  
6PM Sat 17-May-2014____1.224kwh
 __10PM   9-Feb-2014____0.648 kwh  
 11AM  7-Nov-2014_0.196  kwh  
  _12 PM  21-Feb-2014___0.498 kwh  
9PM   Wed 9th-Apr-2014_0.157kwh  
  _9AM Mon 26th-May-2014_0.204kwh  
 _4AM   Thu 20-Nov-2014__0.08  kwh 
6 PM  09-Jul-2014____3.058 kwh 
4AM  Fri 26-Dec-2014___0.191  kwh 
__3AM Wed 29-Oct-2014__0.142  kwh
9PM   Wed 13th-Aug-2014__0.85 kwh  
 12AM   Thursday 13-Feb-2014_0.36 kwh
9PM  03rd-Feb-2014___0.828  kwh
  __9 AM 30th-Jan-2014_0.552 kwh 
 _12PM  Sun 3rd-Aug-2014_0.698 kwh  
_4PM 23rd-Apr-2014__0.132 kwh
  _2 PM  14-Mar-2014__0.32kwh
  _7AM Fri 17-Jan-2014____1.494kwh 
 5AM   Sunday 28-Sep-2014___0.242 kwh 
__4PM   Saturday 9th-Aug-2014____1.145 kwh 
_2PM   Mon 14th-Apr-2014_0.102  kwh
  __1AM Fri 05-Sep-2014_0.136kwh  
_9 PM  9-Nov-2014__0.308kwh
 _10AM   29-May-2014___0.298 kwh 
 7PM 01-Oct-2014___1.026 kwh
_5PM  Saturday 08-Mar-2014_0.734  kwh
9AM  Wed 17-Sep-2014__0.214kwh 
  8AM  Mon 17-Feb-2014___0.542 kwh  
 9PM   Sunday 11th-May-2014____0.518 kwh
7 PM  Wed 21st-May-2014____1.598  kwh  
_1 PM   Fri 18th-Apr-2014___0.103kwh
_10AM 9th-Apr-2014__0.114 kwh 
 8PM 19th-Mar-2014___1.357kwh
9PM  21st-Aug-2014____0.605  kwh  
 _1 PM   15th-Jul-2014__0.941 kwh  
__6 AM Wed 16-Apr-2014__0.324 kwh 
__9PM Sun 26th-Jan-2014___1.116 kwh
  _8PM  16-Jun-2014_2.592 kwh  
 _12PM Sun 29-Jun-2014___1.123 kwh 
  __1 AM Sat 11-Oct-2014___0.164 kwh 
_1 PM   27-May-2014____0.342  kwh
  8 PM  Sat 12th-Apr-2014___0.572kwh  
  _3 AM   Thu 19th-Jun-2014_0.421  kwh
  _10PM 2-Jan-2014___0.90  kwh  
  __10PM   Sunday 2-Mar-2014___0.476kwh  
  __7AM   21-Oct-2014___0.486kwh  
  _7PM   Thu 28th-Aug-2014___2.419 kwh  
__4PM  Fri 11th-Apr-2014____0.132  kwh
 __11 AM 07th-Oct-2014_0.345 kwh 
  1AM Wed 05th-Mar-2014_0.144 kwh 
  _5AM  Thu 24-Jul-2014_2.482kwh 
 10 AM  Wednesday 9-Jul-2014___1.018kwh 
  _7AM Sun 23rd-Mar-2014__0.816 kwh
  2AM   11-Sep-2014_0.158kwh
  __3AM   Wednesday 2-Jul-2014_0.418  kwh  
_1AM   22-Aug-2014____0.233  kwh 
 __12 PM   Thu 04th-Dec-2014___0.616kwh  
_6PM   Tue 8-Jul-2014__3.662kwh  
10AM   7-Nov-2014___0.166kwh
  __7 AM   4-Nov-2014___0.356 kwh 
  5AM Wed 14th-May-2014_1.012  kwh  
  6 PM 18-Jul-2014__3.461  kwh  
  10 PM   08th-Mar-2014____0.336  kwh  
  4 PM   28th-Apr-2014__0.108kwh
 _12PM Sunday 25th-May-2014___0.446kwh  
 _6PM   Wed 22-Oct-2014___1.008 kwh  
  11PM Sunday 1-Jun-2014___1.035  kwh  
 _4PM   18-Feb-2014___0.494kwh  
  __10PM Fri 18-Jul-2014_1.63 kwh
 11AM  Fri 4-Apr-2014__0.179 kwh 
  __1PM 30th-Sep-2014_0.302 kwh 
__3PM  Saturday 13th-Dec-2014__1.04kwh 
__3 AM Wed 2-Apr-2014__0.057 kwh 
2 AM   10th-Oct-2014_0.138  kwh
__2AM   26th-Jun-2014___0.403 kwh  
  9AM  Mon 28th-Apr-2014_0.10kwh 
  __10 AM   Thursday 23-Oct-2014_0.206  kwh 
  3 PM 4-Mar-2014____0.314kwh  
_11AM   24th-Oct-2014_0.315  kwh
  12 AM  Thu 28-Aug-2014__0.299kwh  
 _7 PM   Wed 28th-May-2014____1.555 kwh
  12PM   Sat 22-Feb-2014___0.655kwh 
 __4 AM Tue 14-Jan-2014___0.328  kwh
  _9AM Saturday 25th-Oct-2014____0.535  kwh  
  __9PM  Thu 19th-Jun-2014_0.972  kwh
  12 PM   Wednesday 10-Dec-2014__0.638kwh 
 12PM 01-Jan-2014_0.80kwh  
 __5 AM   Sunday 12th-Oct-2014____0.189 kwh 
 _10AM  Tue 11-Mar-2014____0.304  kwh  
  _4PM Sat 29th-Mar-2014_0.749  kwh  
  __1AM   Wednesday 9-Jul-2014__0.485kwh
 __4PM   Sun 8th-Jun-2014__1.717  kwh
 _2 PM  23-Sep-2014____0.294  kwh 
  _12 AM   13th-Mar-2014__0.257 kwh
  _3PM  29-May-2014_0.355  kwh  
_7AM   Thursday 06-Feb-2014_1.274  kwh  
 _6AM   Fri 25-Jul-2014_2.678  kwh 
  _9AM   Wed 26-Feb-2014____0.295 kwh  
  _2 PM   27th-Oct-2014____0.199kwh  
4AM   11-Jun-2014___0.432kwh
  __4 AM  Tue 9-Dec-2014___0.24kwh  
  _9 AM 18th-Apr-2014__0.097 kwh  
 __10PM 31-Jul-2014___1.392kwh  
  __11AM  Tuesday 11th-Mar-2014__0.368  kwh
7AM   15th-Feb-2014___1.555kwh  
 6AM  Wed 17th-Dec-2014____1.254  kwh
2AM  02-Jul-2014_0.49kwh 
11AM   11-Jul-2014_1.068  kwh
 5 PM Tue 30th-Dec-2014___1.559kwh 
__9 PM  Sun 27-Apr-2014____0.148 kwh  
_11 AM 9th-Nov-2014___0.286kwh
  8PM  Sat 29th-Mar-2014__1.685 kwh 
11AM 23rd-Oct-2014___0.303 kwh 
  _2PM   Mon 9th-Jun-2014__0.662 kwh
__12AM  Sat 19-Jul-2014___2.17  kwh 
  __7 PM   15th-Dec-2014____1.881 kwh  
  3 PM   Sun 21st-Dec-2014___0.96kwh  
__7AM  30-Jul-2014____1.944 kwh
 6PM Monday 3rd-Mar-2014____1.098 kwh  
__8AM  23-Sep-2014__0.227  kwh 
__1AM 7th-Jul-2014___0.514  kwh
 6PM  20th-Aug-2014__2.016  kwh 
11 AM  Tue 22nd-Jul-2014_1.428  kwh
  __5AM   Sat 02-Aug-2014__0.40 kwh
 7 AM  Saturday 27-Sep-2014__0.991  kwh 
  __2PM   Sat 1-Nov-2014__0.418 kwh  
_4PM   21-Jun-2014_1.685kwh
 __6 PM   Wed 8th-Jan-2014_2.548  kwh  
  __1PM 23-Jan-2014___0.648kwh
__10AM 15-Nov-2014____0.297kwh
__12PM   Sun 31st-Aug-2014__0.662  kwh 
  __9AM  23rd-Nov-2014___0.324kwh
  2PM   3-Sep-2014____0.316  kwh  
 _1 AM Monday 30-Jun-2014__0.36  kwh 
12AM  Thursday 29-May-2014_0.278kwh
_2PM  18-Nov-2014____0.198kwh 
  2PM 24-Jan-2014____0.824 kwh
__1AM  Sun 30th-Nov-2014_0.119  kwh
 10 PM 5-Jan-2014____1.20 kwh 
__5AM  Sat 20-Dec-2014____0.30 kwh 
 4 AM  Fri 31-Jan-2014____0.388 kwh 
__4PM 18th-Jun-2014_0.749 kwh
  9AM 2nd-Jul-2014____0.634 kwh
 2 PM   Sunday 22nd-Jun-2014___1.238  kwh
__8PM  30th-May-2014__1.101kwh 
  _4 PM Sat 01-Mar-2014___0.792  kwh
 1 PM   04-Dec-2014____0.502 kwh
 __2PM 23rd-Feb-2014___0.95  kwh 
 __6PM 1st-Feb-2014_2.052  kwh  
8PM   Wed 2nd-Jul-2014____4.416  kwh  
  __7AM Wed 21-May-2014____0.828  kwh 
_8PM 10th-Sep-2014__1.344kwh
  __3PM  21-Mar-2014____0.317 kwh  
_11PM  Sun 12-Oct-2014__0.288 kwh 
 __3 PM  30-Jul-2014____1.133  kwh 
  _12PM Fri 19-Sep-2014__0.378 kwh 
_9AM Tue 16-Dec-2014_0.396 kwh  
 _8PM   2nd-Oct-2014_1.085 kwh  
_10AM  Sun 14th-Sep-2014__0.365 kwh 
  __5AM  25th-Aug-2014___1.148 kwh 
_6AM  Thu 30-Jan-2014_2.856kwh  
9PM   Fri 21-Feb-2014_0.466kwh 
  7AM   Fri 10-Jan-2014____2.142 kwh  
  __11PM   05-Dec-2014__1.21 kwh  
_6AM   9th-Sep-2014____0.991  kwh
6 PM  14th-Mar-2014____1.322kwh
  _6AM 26th-Apr-2014_0.252 kwh  
  12AM  27-Sep-2014____0.577  kwh  
  __12 PM  22-Aug-2014___0.618kwh  
 __1AM Thu 9-Jan-2014__0.36  kwh
 2AM   7-Mar-2014__0.15  kwh 
 _9AM   Saturday 7-Jun-2014___1.831kwh 
__4AM Mon 9th-Jun-2014___0.31  kwh
 __6PM 4-Sep-2014____1.058 kwh
 8PM Sat 04-Jan-2014_3.492 kwh
 5PM  Thu 5th-Jun-2014___2.293kwh  
  7 PM   30-Mar-2014___1.282 kwh  
__12AM   Fri 6th-Jun-2014____0.502  kwh
__3AM 20-Dec-2014__0.307  kwh  
  _5PM 28th-May-2014____0.946 kwh  
  6 PM 1-Jul-2014____3.091 kwh  
__5PM  11th-Sep-2014__1.083  kwh 
__4PM Sunday 12-Oct-2014_0.572kwh
1PM 29-Mar-2014___0.509kwh 
  __8AM Mon 17th-Mar-2014____0.358  kwh 
  3 AM 23rd-Nov-2014___0.147  kwh  
  __10AM   20th-Jul-2014_1.224  kwh  
 _10AM  Sun 6th-Jul-2014__1.382 kwh  
 __5 AM  22nd-Jun-2014___0.632  kwh
11 PM  Sat 8th-Feb-2014____1.116  kwh
6 AM  Tue 16th-Sep-2014_0.773kwh 
_12 AM   09th-Jun-2014___0.556kwh  
  _7PM Thursday 20-Mar-2014_1.512kwh 
_3 PM  4-Nov-2014__0.162 kwh 
  _7PM   Sun 22nd-Jun-2014_2.592kwh 
_5PM   Saturday 26th-Jul-2014___1.771  kwh  
_3 AM   Monday 10th-Mar-2014__0.189 kwh 
  __8PM Wed 04th-Jun-2014___2.938 kwh
 _11PM 25-Dec-2014____0.523 kwh 
9 PM Sun 01-Jun-2014____0.95 kwh
__1PM 03-Oct-2014___0.271kwh 
  __1PM Fri 24th-Oct-2014___0.197  kwh 
 _6PM   15-Aug-2014___1.445  kwh  
__5AM  Tue 30th-Dec-2014__1.125 kwh
  _4PM  17-Nov-2014_0.189 kwh 
  _11 AM Wed 16-Jul-2014___1.428kwh  
  __3AM  24th-Sep-2014_0.161  kwh  
11AM Thursday 10-Apr-2014_0.158 kwh 
 _8 AM 26th-Aug-2014__0.547kwh 
__12 PM 9th-Sep-2014___0.326 kwh 
_6PM   Tue 15-Jul-2014___3.73  kwh
  _2PM   31-Aug-2014___0.864 kwh 
__4 AM 16th-Sep-2014_0.157  kwh 
  3PM  Tue 5-Aug-2014_0.47  kwh
6PM   Saturday 30-Aug-2014___2.311  kwh  
  __1AM   Friday 3rd-Oct-2014__0.11 kwh  
  _5AM 07-Sep-2014___0.185  kwh 
__7 AM 29-Oct-2014___0.605kwh
__9 AM 4-Mar-2014__0.286kwh  
12 PM  Tue 18th-Mar-2014__0.364kwh
 3 PM   2-Jun-2014___0.828kwh
_3 PM   14th-Jun-2014____1.409  kwh 
 7 AM 24-Jun-2014____1.895kwh
  __4AM 01-Dec-2014____0.191kwh  
  9PM   8-Oct-2014_0.335kwh  
 _8 PM   29-Sep-2014__1.187kwh
_11 AM   Sat 6th-Sep-2014__0.416 kwh  
_1AM  06th-Nov-2014___0.103  kwh
  _1 PM 28th-Jul-2014_0.979  kwh  
 7AM Fri 20-Jun-2014____1.636 kwh
 10AM   27-Jan-2014____0.656 kwh 
  __4 PM   Wed 5-Feb-2014_0.571kwh  
__9AM   27th-Jan-2014_0.57kwh  
  __5AM Mon 04th-Aug-2014____1.386kwh
 __7AM   Friday 12th-Sep-2014____0.731kwh 
 __12 AM  Wednesday 12-Nov-2014____0.131  kwh  
  7AM   Fri 26th-Dec-2014___1.119  kwh
 _5 PM 26th-Jan-2014___1.584kwh
_7PM   15th-Aug-2014____2.246  kwh 
 10PM   5th-Dec-2014__0.801  kwh 
  __2AM   2-Mar-2014__0.192 kwh  
 2 PM  2-Sep-2014__0.294kwh
 _3 AM   6-May-2014_0.144  kwh 
 5 AM Tue 20th-May-2014__0.836kwh
4 PM   Wed 30-Jul-2014_0.912  kwh
 __9PM   13th-Sep-2014__0.288  kwh 
12PM  Mon 17-Nov-2014_0.207 kwh 
  __9 AM  27th-Feb-2014__0.306  kwh  
  _1PM   31st-May-2014_0.528kwh
 10 AM   Mon 4-Aug-2014__0.398  kwh
 _2 AM Sunday 6-Apr-2014__0.108 kwh
  _5AM   5-Apr-2014____0.077 kwh  
 7AM  Sunday 25th-May-2014_0.768 kwh  
  __2AM  Tue 17-Jun-2014_0.364  kwh  
_4PM  Fri 3-Jan-2014__0.888  kwh
  __6 AM 19-Nov-2014___0.437kwh
 7 AM   Mon 4-Aug-2014____1.123kwh  
 __1PM   11-Oct-2014__0.346 kwh
12PM   06th-Nov-2014____0.203kwh  
7PM   6th-Aug-2014___2.009kwh  
  _2AM Tue 18-Mar-2014_0.163  kwh 
  __9 PM   21st-Oct-2014___0.328  kwh 
 _4PM  Sunday 21-Sep-2014_0.662kwh  
__2 PM   1-Jan-2014_0.872kwh  
6PM  Thu 9th-Jan-2014_2.408kwh
 1 AM   Mon 3-Mar-2014_0.162 kwh  
 4 PM   Thursday 16-Oct-2014_0.262 kwh
_5 AM Tue 27-May-2014__0.88kwh
 11PM  Wed 17th-Dec-2014____0.638 kwh
 9AM   Tue 11-Feb-2014_0.389  kwh  
__7AM Tue 23rd-Sep-2014___0.706kwh 
 _5AM  Mon 21-Jul-2014____2.534  kwh
 _12 PM  8th-Feb-2014__0.792  kwh 
  _1PM   21-May-2014____0.33kwh 
 _7 AM   Wed 19-Nov-2014_0.401kwh
  _2PM   Tue 1st-Apr-2014___0.143  kwh
__7AM   17-Oct-2014___0.578kwh
__12 PM 06th-Dec-2014___0.66  kwh 
 6 AM  15-Aug-2014__1.267kwh 
__10PM Mon 10th-Nov-2014___0.254  kwh
4AM 17th-Oct-2014___0.104 kwh  
11AM  3rd-Dec-2014__0.633kwh
  __2 PM  27th-May-2014___0.362 kwh
 __4AM   Fri 29th-Aug-2014___0.194kwh 
 __9 PM  Tuesday 10th-Jun-2014___1.058 kwh  
__5 AM   20-Jun-2014___1.94kwh 
  _6PM   24th-Oct-2014____0.823kwh 
_9AM  2nd-Sep-2014___0.206  kwh
__11AM Monday 16th-Jun-2014_0.774kwh
 1 PM Wednesday 5-Mar-2014__0.374kwh
__6PM Sat 24-May-2014_1.31kwh 
 7 AM   23-Dec-2014__0.931 kwh
  __5PM  Friday 07th-Nov-2014__0.544 kwh
10AM  3rd-Nov-2014___0.146kwh
 __2AM 28-Sep-2014____0.168 kwh
  3AM  10-Aug-2014___0.328  kwh 
 _5PM   Tue 15th-Apr-2014_0.425  kwh  
 __1PM   23rd-Nov-2014____0.254  kwh 
 12AM  29th-Sep-2014__0.204  kwh 
  __12AM 19-Nov-2014___0.122  kwh 
  __6PM 04th-Nov-2014___0.662kwh  
  _1PM   10-Sep-2014____0.328kwh  
  _9 AM 1-Feb-2014____1.231  kwh 
  __2AM Thu 6-Nov-2014___0.086kwh 
 3PM Thursday 24-Apr-2014_0.098  kwh 
  __4AM  Fri 24-Oct-2014___0.134  kwh  
  __7 PM   Tue 30th-Dec-2014____2.138 kwh 
__11 PM   26th-Nov-2014__0.198kwh 
__6 AM 9-Oct-2014____0.727kwh  
 _5 AM Mon 27-Jan-2014____1.98kwh
  _5 AM  Thu 05th-Jun-2014_1.96kwh
  4 PM  Thu 20-Feb-2014__0.461  kwh 
 6AM  Thu 19-Jun-2014_2.268 kwh  
  __2 AM  29th-Jul-2014_0.509kwh
 _1 AM 17th-Jun-2014____0.389kwh
  10AM  08th-Nov-2014___0.273 kwh 
2PM   11-May-2014__0.736 kwh  
__3PM   Wednesday 15-Oct-2014____0.218  kwh
 __12 AM  Thu 26th-Jun-2014____0.47kwh  
  11PM Tue 27-May-2014___0.356 kwh  
  8AM  Fri 03-Oct-2014____0.25 kwh
__2AM   Wed 23-Apr-2014__0.05kwh  
__1 AM Thursday 14-Aug-2014___0.202  kwh  
 3PM 04-Jul-2014____0.922  kwh
8PM   Wed 3rd-Dec-2014____1.918 kwh
11 AM   10-Jan-2014____0.91 kwh 
7AM   Mon 05-May-2014___0.706 kwh  
 _11 AM  08th-Jun-2014___1.015  kwh
_5 PM 24-Oct-2014_0.881kwh
  _10 PM   Mon 29-Sep-2014___0.298 kwh 
  __8PM  13th-Aug-2014____1.92 kwh  
  _2PM   Mon 10-Feb-2014_0.566kwh 
  __5 PM  Fri 6-Jun-2014_2.527  kwh  
  4 PM 20th-Jan-2014__0.808  kwh  
1AM 13-Apr-2014___0.087 kwh  
 __5 PM 23-Aug-2014____0.961kwh 
__11 AM  Thu 28-Aug-2014___0.648kwh  
  __9AM Sunday 31st-Aug-2014____1.253  kwh
 _4PM Sun 25th-May-2014___0.857  kwh
 _2 PM   10-Aug-2014____0.768 kwh
_10PM   Tue 9-Dec-2014__0.451kwh
_1PM   13th-Oct-2014___0.24  kwh
  __5PM Sunday 2-Nov-2014___0.397  kwh  
10 AM  27-Oct-2014__0.226 kwh
 _8 PM Monday 17-Nov-2014___0.857kwh
  _5 PM   Sat 31-May-2014__0.67kwh
8 PM   24-Sep-2014____1.064  kwh
_11PM   Tue 18th-Mar-2014_0.376  kwh
  __4AM  12th-May-2014____0.189 kwh 
7AM 17-Jul-2014____1.987kwh
  _2 AM Sun 24th-Aug-2014____0.313kwh  
 __9PM   Thu 01st-May-2014____0.422kwh  
  _11AM  20th-Jun-2014__0.747 kwh 
  __8AM  3rd-Mar-2014_0.371 kwh
  _3AM   28-Aug-2014_0.221  kwh
 __4 PM  24-Jul-2014___1.142kwh 
 4AM   27-Oct-2014_0.136  kwh  
 __5AM   23-Feb-2014____0.41  kwh
__8 AM  Wednesday 18th-Jun-2014___0.59kwh  
  __1PM  18th-Nov-2014__0.184kwh
  __11PM  Thu 18-Sep-2014__0.354  kwh 
 2AM Fri 26-Sep-2014___0.153kwh
 __2 PM  04-Mar-2014____0.301kwh
 _6 PM   Mon 20th-Jan-2014___3.052kwh
 4 PM  23rd-Mar-2014___0.77kwh  
 11AM Friday 7-Feb-2014____0.54  kwh
5 PM  Wednesday 21-May-2014____1.102 kwh  
 _7 AM 7th-Nov-2014____0.393kwh
  __2 PM  21st-Mar-2014___0.266  kwh 
  __3PM  14-Feb-2014__0.523 kwh  
  4PM Monday 21st-Apr-2014_0.102kwh  
 __4AM  Tuesday 8-Apr-2014_0.052kwh
__2PM 31-Mar-2014_0.262  kwh
 __10AM  Sun 12th-Oct-2014___0.346  kwh
2PM   Fri 05-Sep-2014__0.319 kwh
__4PM  Sunday 13th-Apr-2014____0.321  kwh 
 _12AM 2nd-Feb-2014____0.835  kwh 
  __6AM   Friday 28-Nov-2014__0.545kwh
  _3AM   Wednesday 11th-Jun-2014_0.331kwh 
__11PM  Monday 21-Apr-2014__0.122 kwh 
__12 AM   15-Jul-2014_0.785  kwh  
  12PM 11th-Nov-2014____0.248 kwh  
 3AM Fri 18-Jul-2014____0.432  kwh  
 11 PM  03-Aug-2014____0.618kwh 
_3 AM  17th-Sep-2014____0.113 kwh
 5AM  Sat 20-Sep-2014____0.248  kwh
 _4 AM  17-Aug-2014___0.288kwh
 __4AM   11-May-2014____0.228kwh
  __6 AM   31-Oct-2014__0.742kwh
 _2 PM   Fri 7-Nov-2014__0.187  kwh
 __12AM Thu 04th-Sep-2014____0.168kwh
  _12 PM Tue 12-Aug-2014___0.546 kwh 
__10AM  07-Jan-2014____0.672kwh  
12AM  Sunday 5-Oct-2014____0.437kwh  
 1AM   Thu 11-Sep-2014_0.112  kwh  
 6 AM   17-Sep-2014_0.781kwh  
  _3PM  21st-Apr-2014___0.136kwh 
__1 AM   5-Apr-2014___0.086 kwh
  __7 PM  Saturday 5-Jul-2014_4.406  kwh  
  9AM   Mon 15-Sep-2014__0.221  kwh  
 _6 AM 09-Jun-2014_1.944kwh 
 __4PM  Wed 17-Dec-2014_0.524  kwh  
  3 AM   2nd-May-2014_0.168 kwh 
_8AM  19-Jun-2014____0.821  kwh 
__3AM Fri 03-Oct-2014____0.131  kwh
 _8PM  14th-Jul-2014___3.456  kwh 
  8 PM 19th-Apr-2014___0.497kwh
  _8PM  Monday 02-Jun-2014____2.333  kwh 
  _4AM  Sat 5-Apr-2014____0.105  kwh  
  _10AM   24th-Apr-2014___0.098kwh  
 _2AM  Wednesday 12-Feb-2014___0.257  kwh 
__8AM 09th-Apr-2014____0.132 kwh 
 3 AM  Thursday 6-Mar-2014__0.146 kwh 
  __3PM  16th-Nov-2014____0.462 kwh  
 6AM 2-Sep-2014_0.949 kwh  
  _8AM Sat 16-Aug-2014____1.31 kwh
 _4 PM   Thu 10-Jul-2014_0.797kwh  
12PM   1-Mar-2014_0.398  kwh  
 __3 PM  31st-Oct-2014____0.242  kwh  
  _10PM 31-Mar-2014__0.364  kwh  
  __9AM  Sat 8th-Feb-2014___1.112  kwh 
  _9AM  Friday 4-Apr-2014__0.095 kwh
__7 PM  Tuesday 4th-Mar-2014_1.253  kwh
  _1PM  Wed 12th-Nov-2014__0.189 kwh 
 4PM 2nd-Oct-2014____0.281  kwh
 3PM   Thu 20-Feb-2014__0.499 kwh  
11 PM   30th-Jan-2014__0.85 kwh  
 _8 PM   Friday 1-Aug-2014____1.805 kwh  
10AM Sun 14th-Dec-2014__0.581 kwh  
 8 AM Thursday 05th-Jun-2014__0.626 kwh
 3 PM  16-Jan-2014____0.816kwh
_9AM 05-Jan-2014____1.692kwh
__10 PM   20th-Feb-2014____0.486kwh
  1 PM  Wed 4th-Jun-2014_0.835kwh 
  10AM   Fri 24-Oct-2014___0.202kwh
  _2PM   Tue 11-Nov-2014____0.198kwh 
__1PM Mon 20th-Jan-2014___0.872  kwh  
  4 PM   Sat 22-Nov-2014____0.454 kwh  
__8PM Sat 22nd-Nov-2014_0.891kwh
  5PM   01st-Apr-2014_0.355 kwh 
3PM  10th-Jul-2014____0.768kwh
  _7AM 13th-Jun-2014____1.701kwh 
 __9PM 1-Jan-2014__1.404  kwh  
2AM  Mon 8-Sep-2014_0.16  kwh
_5 AM  25th-Apr-2014___0.29 kwh  
_10AM   20th-Jan-2014__0.776 kwh  
_10AM  2nd-Apr-2014___0.126kwh
  _7PM 08-Feb-2014___1.728kwh 
 1 PM   Tue 21st-Jan-2014___0.808kwh 
__4PM 09th-Jun-2014__0.576kwh
 9PM  25th-Oct-2014____0.238kwh 
  12AM   1st-Dec-2014_0.327kwh  
 __6 PM  Fri 8-Aug-2014____1.646kwh  
 10PM  Thu 25th-Sep-2014___0.406  kwh 
  __11 AM Sat 13th-Dec-2014____0.733kwh
_11PM 11th-Jun-2014__0.783 kwh
  4AM 30-Sep-2014_0.146 kwh 
  __6PM  24-Aug-2014___2.419  kwh  
  _11AM   15th-Jul-2014____1.32kwh 
  __1AM Thu 29-May-2014___0.163  kwh  
  9 PM  Sat 27th-Sep-2014___0.244  kwh  
__9PM  Wednesday 2-Jul-2014_1.469  kwh  
  5AM  Mon 31-Mar-2014____0.722  kwh
__3AM   29th-May-2014__0.157 kwh 
  2AM 5-Feb-2014_0.247  kwh  
 _8AM  Sun 23rd-Nov-2014__0.515 kwh
_5PM   Sat 11-Oct-2014__0.502  kwh
_2PM  27-Sep-2014____0.65 kwh  
 _2AM  Sun 27th-Jul-2014___0.821  kwh  
1PM Thu 27-Mar-2014___0.307 kwh 
  __8AM  Tue 16-Sep-2014__0.246  kwh
 _11AM   Fri 6th-Jun-2014_1.08  kwh
_11PM Tue 23-Dec-2014_0.446  kwh
__8PM  11-Apr-2014_0.514  kwh 
 __3 PM   27th-Feb-2014___0.432kwh  
  _6PM   4th-Feb-2014_1.462kwh 
 __3PM  Sun 25-May-2014_0.684kwh 
__7AM  Sun 8-Jun-2014___2.009  kwh  
 7PM  7th-Feb-2014__2.225  kwh  
__4 PM Sat 24-May-2014____0.799  kwh  
__7PM   22nd-Nov-2014___0.948 kwh 
 4PM   Sun 07-Dec-2014____1.099  kwh 
  __8 AM  17-Sep-2014___0.322kwh 
  _10 AM 4th-Oct-2014___0.378 kwh 
  2AM 30-Sep-2014___0.16  kwh 
  4PM  Mon 22nd-Dec-2014__0.449  kwh  
6PM Sun 09th-Feb-2014___2.138 kwh  
__7 AM   Sun 14th-Sep-2014_0.764kwh  
 2PM   Thu 27th-Feb-2014___0.427 kwh 
_12PM   16th-Jun-2014__1.026kwh  
9AM 29th-Jul-2014_0.727kwh  
3PM   28-Jul-2014_0.787kwh 
  5PM   Sat 25th-Oct-2014____0.529  kwh  
 _12AM 2nd-Nov-2014___0.342 kwh  
  4 AM   Sun 28th-Sep-2014___0.246  kwh 
  __6 AM  Fri 21st-Mar-2014__0.97 kwh 
_2 PM   Sat 6-Sep-2014____0.543 kwh 
  _11 PM  Tue 25-Feb-2014____0.528 kwh 
  12 AM   6-Aug-2014____0.346  kwh  
 _5PM  Tue 24-Jun-2014____1.872  kwh
 __11PM 10-Jun-2014____1.008kwh  
  __2AM Sat 12th-Jul-2014___0.706kwh
  9 PM  20th-Jan-2014____1.104 kwh 
4PM   Mon 3rd-Nov-2014_0.202kwh
  __6 AM   Wednesday 3-Dec-2014___1.188kwh 
6PM 03rd-Apr-2014_0.37  kwh  
11PM   15th-May-2014_0.384 kwh  
 8 AM   06-Mar-2014__0.285  kwh
  __2 AM 23-May-2014_0.168kwh
 12 PM  Sat 14-Jun-2014__0.896 kwh  
 _5PM   18-Nov-2014__0.474kwh 
 _9PM  Sat 04th-Jan-2014_0.84 kwh  
  5AM Wed 24th-Dec-2014___1.307 kwh 
  _3PM  30th-Jan-2014__0.696  kwh
9AM 03rd-Sep-2014_0.193 kwh 
__9AM   20-Aug-2014_0.389kwh  
_11PM  Tue 1-Apr-2014____0.131 kwh
 _3 AM  18-Aug-2014___0.266  kwh
__10AM   1-Apr-2014____0.098 kwh 
 2 PM   25-Nov-2014____0.214 kwh 
  _3 PM 31-May-2014_0.605  kwh
 _4AM 2-Nov-2014___0.157kwh  
 10PM 25-Jan-2014___0.912  kwh  
__10PM 29th-Oct-2014____0.309kwh  
  12 AM 17-Sep-2014__0.225 kwh  
  5AM   Tue 18-Feb-2014____1.333  kwh  
 11AM Sunday 16th-Mar-2014_0.504kwh  
  3AM Sun 26th-Jan-2014__0.576  kwh  
__2PM 15th-Oct-2014___0.245  kwh 
 8PM   26th-Sep-2014_1.277kwh 
  __2AM Wed 21-May-2014_0.136 kwh
_1PM   Wed 12-Feb-2014____0.533  kwh 
 __5 PM Tuesday 30-Sep-2014__0.728  kwh 
 __3AM   7-Mar-2014__0.152kwh
_6AM 28-Sep-2014__0.599 kwh  
 6 AM  Thu 13-Feb-2014___1.598 kwh
5 PM   02-Apr-2014_0.378kwh
 _9PM   Sat 11th-Jan-2014_0.864  kwh
  __9PM   7-Oct-2014____0.40kwh 
 _3AM  3-Jan-2014____0.472kwh
  _2AM Fri 12th-Dec-2014___0.231kwh  
__11 PM 22nd-Dec-2014__0.512kwh  
11AM  26-Mar-2014____0.344 kwh  
9AM  Wednesday 6th-Aug-2014_0.378  kwh 
_11PM   06-Feb-2014__0.66 kwh 
 _6 AM 3-May-2014_0.57 kwh  
  6 PM 16th-Jun-2014__2.167  kwh
 __11 PM   Fri 24th-Jan-2014_2.00kwh
 __6PM   Thursday 25-Sep-2014___0.833 kwh 
  11PM   Tue 5th-Aug-2014__0.57  kwh 
 3AM   5-May-2014___0.141  kwh  
  __12PM   18th-Sep-2014___0.326 kwh 
 6PM  Fri 16-May-2014___1.064kwh  
 _5AM   22nd-Aug-2014_1.254 kwh
 __9AM Fri 5-Sep-2014____0.242  kwh 
 __2 PM   25-Jun-2014_0.641 kwh
9PM Wed 14-May-2014___0.49 kwh 
  1 PM  Wednesday 18-Jun-2014____0.835 kwh
  10 PM  26th-Jun-2014__0.756 kwh
 8 PM   Fri 12th-Sep-2014____1.008  kwh 
  3AM  Tue 16-Sep-2014____0.165  kwh  
5 PM 22nd-Jun-2014__1.361 kwh
 _4PM  13-Jan-2014____0.656kwh 
 _3 PM  Fri 05th-Sep-2014____0.28kwh
 9AM   24-Jun-2014___0.475 kwh
5PM Sat 8-Nov-2014_0.324 kwh
 __9 PM  Tue 22nd-Apr-2014___0.173  kwh  
_12AM   30th-Nov-2014___0.382kwh  
  6AM   Wed 30-Apr-2014__0.374kwh 
 12 AM   Mon 24-Mar-2014__0.23 kwh  
5AM  24-Nov-2014___0.579kwh 
 _5 AM  Friday 19th-Dec-2014__1.283  kwh  
12AM   16-Jul-2014____0.806  kwh 
 6PM   15th-Apr-2014_0.365 kwh 
4 PM   Mon 27th-Jan-2014__0.816 kwh 
_12PM Tue 26-Aug-2014_0.51 kwh
__9 PM 14-Oct-2014____0.295 kwh
9PM   Mon 14th-Apr-2014____0.169 kwh  
  12AM  24-Sep-2014____0.187kwh  
__11PM   26-Jan-2014__0.96 kwh
  _5AM  Fri 4th-Apr-2014_0.396 kwh 
 _11 PM Monday 03-Nov-2014____0.205  kwh  
  _3AM Mon 22nd-Dec-2014___0.187  kwh  
__1AM  Tue 4-Nov-2014___0.088 kwh
__6PM   Wed 10-Sep-2014____1.117 kwh  
  _4PM  4th-Apr-2014__0.109 kwh 
 __4AM  Friday 25-Apr-2014____0.066kwh
__2 AM  04-Aug-2014____0.286  kwh 
  __12AM   03rd-Oct-2014___0.18  kwh 
_1 PM  Friday 26th-Dec-2014___0.383  kwh
 5 AM   28-Apr-2014__0.356  kwh
 __10AM Monday 01st-Sep-2014___0.322kwh 
 _7AM   28-Aug-2014__1.069kwh 
 _1 AM  16th-Jan-2014____0.344kwh
 5PM   Thursday 08-May-2014____1.102  kwh
  _8AM   20-Oct-2014____0.269 kwh
__9 AM  Sunday 22-Jun-2014_1.669 kwh
_4AM  Thu 08-May-2014__0.142 kwh  
_3PM 5-Nov-2014_0.184  kwh  
12PM Sun 2nd-Feb-2014____0.67 kwh  
12 AM   Tuesday 27-May-2014___0.269kwh
  _6AM  Sun 3rd-Aug-2014_0.912kwh  
_5PM   Monday 14-Apr-2014_0.355  kwh 
 6PM Mon 15th-Dec-2014___1.586 kwh  
_12PM 26th-May-2014_0.332 kwh 
__8PM 20-Dec-2014_2.039  kwh 
 2AM   Thu 12-Jun-2014___0.374kwh
7PM  Sun 14th-Sep-2014_1.008 kwh 
  6AM  26th-Feb-2014_1.613  kwh  
_6 AM 14-May-2014__1.123kwh
  __3AM   Tue 30-Sep-2014___0.162 kwh
 6PM Friday 3-Oct-2014_0.848  kwh  
  __12PM 14-Feb-2014____0.654 kwh 
__5PM 24-Feb-2014___1.763 kwh 
  __6AM  18-Oct-2014___0.504 kwh 
 _12PM Wednesday 23rd-Apr-2014____0.138 kwh  
  8 AM   30th-Sep-2014_0.266  kwh 
__6 AM   21st-Nov-2014____0.589  kwh  
__11PM 23-Mar-2014__0.408kwh
10AM 16th-Nov-2014__0.265kwh 
 __2PM  Fri 23rd-May-2014_0.355kwh 
 __12AM   Tuesday 13-May-2014_0.214kwh 
__5AM  13th-Jul-2014__0.598kwh 
  __3 PM 13-Aug-2014_0.576kwh  
_8AM   20th-Aug-2014___0.528 kwh 
  _3PM   Sunday 27th-Apr-2014____0.278  kwh  
__12AM   Sat 13th-Sep-2014__0.51 kwh
  __10PM   2-Oct-2014____0.285  kwh  
 __6AM  11-Aug-2014___1.685kwh
 11 PM  10-Aug-2014____0.48  kwh  
__8 AM  Tuesday 21st-Jan-2014____0.848kwh
 _6AM Friday 4th-Apr-2014____0.342 kwh
_6 PM Wed 24-Dec-2014__1.663kwh
 __5AM Tue 17-Jun-2014___1.742kwh
__10 PM  12th-Sep-2014__0.524  kwh
  _1 PM 6th-Apr-2014___0.164  kwh
_1PM 24-Sep-2014___0.297  kwh  
 11AM   Tuesday 2-Sep-2014___0.378kwh
 __10PM  21st-Jul-2014__1.332kwh  
__10 PM 8-Dec-2014____0.446 kwh  
  7 AM 1-Jun-2014___2.419 kwh
_9AM 23-Mar-2014___0.626kwh 
  6AM   4-Jun-2014____2.592kwh  
__6AM  26th-Nov-2014__0.432 kwh
 __6 PM   4-May-2014__1.541 kwh  
  __11AM 25-Aug-2014___0.492 kwh
12PM   24-Mar-2014___0.42 kwh
  12PM   19-May-2014__0.416kwh 
  7 AM  Friday 28-Nov-2014_0.47kwh 
__6 PM  12-Dec-2014__1.371 kwh
_10PM   Wed 17-Dec-2014___0.66kwh 
2 PM Monday 24-Nov-2014_0.175kwh 
  __9AM   17th-Dec-2014____0.327kwh 
_6 PM 26-Jan-2014_3.204 kwh  
_12PM 07-Dec-2014___0.766kwh 
__7AM   17th-Nov-2014___0.413kwh
__3PM   30-Apr-2014_0.127  kwh 
_8AM 02-Apr-2014___0.10 kwh
_10 PM   Sun 17-Aug-2014____0.54kwh 
  __2 PM  07th-Jul-2014_0.912kwh 
__6 AM  Sat 20th-Sep-2014____0.51 kwh  
 5PM  16th-Sep-2014_0.937kwh  
5AM 29-May-2014_0.871  kwh  
  __2AM  5-May-2014___0.182kwh
 __8PM 15th-Apr-2014____0.518  kwh
 _7AM   Wednesday 18th-Jun-2014____1.539 kwh  
  _4PM   11-Sep-2014___0.235 kwh  
  __1 AM  Sunday 3-Aug-2014___0.346kwh
  _9 PM   21-Jul-2014___1.368 kwh  
  _4AM   21st-Jul-2014__0.499kwh 
6AM   Thu 23rd-Oct-2014____0.835  kwh 
__9PM  2-May-2014____0.371  kwh
 __2AM Sat 1st-Mar-2014___0.266 kwh  
 12AM Thu 24th-Jul-2014____0.778 kwh 
  _2 PM  Sun 9th-Mar-2014__0.582 kwh 
  2PM   Tue 19th-Aug-2014__0.499 kwh
 6PM  Fri 23-May-2014_1.154 kwh
  _5PM 22-Oct-2014___0.749kwh  
  __12PM  Thursday 1-May-2014_0.36 kwh
_8 PM   30-Jul-2014____3.418  kwh
_11AM   2nd-Oct-2014____0.297  kwh 
  __5AM 03rd-Dec-2014___1.077  kwh 
 _2AM 3rd-Jul-2014___0.552 kwh  
  __4 AM  Tue 2nd-Sep-2014_0.144kwh 
__9PM Wednesday 29-Oct-2014__0.40kwh 
  __7AM 9th-Sep-2014___0.712kwh  
 __5AM Saturday 04th-Oct-2014_0.194 kwh 
  12 AM   Fri 05th-Sep-2014__0.195  kwh  
10 PM  Wednesday 8-Jan-2014_0.94kwh
 1AM  20-May-2014__0.139 kwh 
  __3 PM   15th-Sep-2014__0.269  kwh  
_12 AM   23-Mar-2014__0.614  kwh 
2AM  15-Jan-2014___0.404  kwh  
  _4AM   28-Aug-2014____0.269  kwh 
__11AM  13-Nov-2014_0.214kwh 
  7AM Monday 3rd-Mar-2014_0.742kwh 
  2PM  20th-Dec-2014__0.95  kwh  
 __3 PM 23-Jun-2014_0.612 kwh
  _2 AM  Fri 7-Feb-2014____0.278  kwh 
12 PM  Tue 7th-Jan-2014____0.89 kwh  
6 AM Wed 1-Jan-2014__2.304  kwh
__12PM   31-Dec-2014_0.528  kwh
  __4AM  Tue 21-Oct-2014___0.104  kwh
_1 AM  05-Dec-2014___0.257 kwh  
12AM  Wed 20-Aug-2014____0.378  kwh
__9AM  Tue 4th-Nov-2014_0.162 kwh  
  __7PM   Saturday 19th-Jul-2014__3.931  kwh
 _6AM  03rd-Jun-2014_2.074kwh  
_2AM  2-May-2014__0.192kwh 
  4AM  28-Oct-2014___0.12kwh
7PM  10-Oct-2014___1.102kwh
  10PM  Sun 27th-Apr-2014__0.147  kwh
 _11PM  Tuesday 19-Aug-2014____0.564 kwh 
 6AM  26-Jun-2014___2.527kwh  
 4 PM   28-Jan-2014____0.872kwh 
 _12PM  1st-Feb-2014__0.648 kwh
  3PM  13-May-2014__0.374  kwh
 __1 PM  30th-Mar-2014__0.466  kwh 
 _7PM Sunday 27-Apr-2014_0.572kwh
  9AM   Thursday 01-May-2014___0.226kwh  
  1 PM  4-Jul-2014__0.874 kwh
 6PM   28-Jan-2014___3.024kwh  
__10PM Sun 13th-Jul-2014_0.996 kwh 
  __8AM  23-Jul-2014____0.931 kwh
 __3PM 17-Feb-2014____0.552kwh
 _3AM   17-Nov-2014____0.084 kwh
 __7PM   Mon 21-Jul-2014__4.709  kwh 
 12PM  19th-Mar-2014__0.416kwh 
  11AM  12th-Nov-2014_0.18 kwh  
  7PM  21-Jun-2014_3.175 kwh  
  __7PM  27-Jun-2014__3.564kwh
  __11PM   1st-Feb-2014_1.296kwh  
_1AM 16th-Mar-2014__0.254kwh 
__9 PM   27-Jul-2014___1.656 kwh  
  5PM  4th-May-2014___0.67 kwh
  11 AM   Saturday 16-Aug-2014___0.713kwh 
7 AM   30th-Jun-2014___1.345 kwh 
__8 AM   8-Jul-2014__1.037kwh
 _12 AM  Sat 10th-May-2014____0.749  kwh
12 AM   15-Oct-2014_0.182  kwh 
  __3 PM 24-Oct-2014__0.254 kwh 
 11 AM   Thu 24-Apr-2014__0.14 kwh  
 _1 AM   17th-Aug-2014___0.288 kwh 
 __2AM Sat 22nd-Nov-2014__0.14  kwh  
_11 AM   Thu 4-Dec-2014___0.457  kwh  
  __8AM  29th-Apr-2014___0.103kwh 
__1 AM   17-Apr-2014___0.062kwh
 _5 AM   17-May-2014__0.281  kwh  
 _3 PM 15th-Feb-2014__1.069  kwh
  _10 PM  Fri 4th-Apr-2014__0.174  kwh  
5AM 19th-May-2014___0.889  kwh  
  _4AM  Mon 28th-Jul-2014__0.403 kwh  
_12PM Sun 5-Jan-2014__1.176  kwh 
  __10 PM   26-Nov-2014____0.198 kwh
__10AM 19-Aug-2014___0.394  kwh
  12PM  Fri 12-Dec-2014__0.611kwh 
6PM 12th-Aug-2014___1.814  kwh  
 _3PM   Sun 12-Jan-2014__1.674kwh 
 _8AM  Monday 11th-Aug-2014____0.413  kwh 
10PM Thu 6-Mar-2014_0.476 kwh 
  9AM 10-May-2014_0.734kwh  
  6 PM  Wednesday 25th-Jun-2014_2.444kwh  
  __3AM Thursday 6-Nov-2014___0.091kwh 
  __3AM   2nd-Sep-2014_0.154  kwh
 __2AM Wednesday 29th-Jan-2014__0.468kwh 
 7 PM   27-Oct-2014_1.102 kwh
  __9 AM  29th-Sep-2014____0.191  kwh  
  __7PM  19th-Jun-2014____3.078 kwh  
  3 AM   Friday 13-Jun-2014_0.31kwh  
 __10AM  8th-Mar-2014____0.47 kwh  
 7AM   Thu 06th-Nov-2014__0.356  kwh 
_12PM  Tue 14-Jan-2014___1.08 kwh  
  __4 PM  Wed 15th-Oct-2014__0.216 kwh
 3 PM  Fri 25th-Jul-2014____1.133kwh  
 __6 PM 20th-Nov-2014__0.737  kwh  
 7AM   Thu 4-Sep-2014____0.548 kwh 
 __5AM   16th-Jun-2014___2.00  kwh  
 9 PM   26th-Jun-2014_1.123  kwh  
  __4PM   Monday 3rd-Feb-2014_0.442kwh  
  8PM   20-Jun-2014__3.37 kwh 
  __4AM Wed 02nd-Apr-2014__0.052kwh
__8PM   Thu 23rd-Jan-2014__3.296 kwh 
 __2AM  Tue 18th-Nov-2014_0.075 kwh  
 10AM  Thursday 02-Jan-2014___0.848kwh 
7 AM   24-Aug-2014___1.512 kwh  
 _6AM Fri 13th-Jun-2014_1.771 kwh  
3AM Tue 25-Feb-2014_0.197  kwh
_9AM  Tue 14-Jan-2014_0.588 kwh
__10PM  Mon 28-Jul-2014__1.212kwh 
 __7PM   08-Apr-2014_0.54 kwh  
  _3PM  1st-Mar-2014____0.842  kwh 
  8 AM   Tue 7-Jan-2014__0.912 kwh 
  __5PM   13th-Jul-2014_1.901  kwh 
5 AM Wednesday 19-Feb-2014__1.505 kwh  
  7AM   16th-May-2014_0.691 kwh 
_12AM   Sat 5-Jul-2014___2.054  kwh
 __7PM   30-Nov-2014____0.802 kwh
9PM  10th-May-2014___0.342 kwh  
_12PM  Sat 12-Jul-2014_1.339 kwh
12PM  Sun 20th-Jul-2014___1.397kwh 
 12PM   Fri 23-May-2014___0.34 kwh
 _9AM   Wed 03-Dec-2014__0.297kwh 
_2AM  01st-Jun-2014_0.502kwh  
__12AM Thursday 24-Apr-2014____0.095kwh  
  __1PM  19-Jul-2014_1.512kwh  
  3 AM 02-Nov-2014____0.116 kwh 
  __9 AM  Monday 28-Jul-2014____0.828  kwh 
 __4 PM 11-Aug-2014____0.422  kwh
 _3AM   20th-Jun-2014_0.40kwh
  __10PM   12th-Aug-2014__0.708  kwh 
6 AM  Sat 4-Jan-2014_1.696  kwh
  __6AM  Thursday 23-Jan-2014__2.832kwh 
  _11AM  Sat 15th-Mar-2014____0.432kwh
  __1 PM  21-Jun-2014___1.037 kwh 
_10PM   11th-Apr-2014__0.235  kwh 
_10AM 3-Jan-2014____0.816  kwh
  __10PM   22-Jun-2014____1.062  kwh
 _11 PM 15-Oct-2014____0.327 kwh 
6PM  Thu 12th-Jun-2014__2.797 kwh  
 11PM 20-Oct-2014_0.339kwh
 __10AM   Sun 23-Mar-2014__0.48kwh 
  _7AM   08-Sep-2014_0.561 kwh 
 1 AM   Wed 13th-Aug-2014____0.218kwh  
 3AM  8th-Dec-2014___0.202kwh  
  3PM   Friday 26-Sep-2014_0.227 kwh  
  12AM   13-Oct-2014___0.167 kwh  
  10PM  16th-Aug-2014____0.514 kwh
5PM 29-May-2014_1.196kwh
__11 PM   20-Mar-2014___0.324kwh 
_10AM  Thursday 26-Jun-2014__0.792  kwh 
 __10AM   11th-Aug-2014____0.552 kwh
 __9AM Saturday 22nd-Feb-2014__1.004  kwh  
 __3 AM   20-Jan-2014____0.476 kwh  
9AM  27-Apr-2014__0.235kwh  
__3AM   3-Jun-2014____0.346 kwh 
__8 PM 30-Sep-2014_0.963kwh  
_11 AM   23-May-2014____0.32 kwh 
 __8AM 16-Jun-2014__0.583 kwh 
  _6 PM   Thu 17-Jul-2014__3.696 kwh
11AM  19th-Apr-2014___0.191kwh 
1AM 1-Oct-2014_0.103  kwh 
1PM  Sun 14-Dec-2014_0.785  kwh 
  6AM  19-Jul-2014___2.189 kwh  
6 AM  Sun 5-Jan-2014__1.36 kwh  
__1 AM  10-Nov-2014___0.077  kwh
  __10PM Saturday 19th-Apr-2014__0.138  kwh  
 __1 AM   Mon 16-Jun-2014__0.396  kwh
_1 AM Thursday 10th-Apr-2014__0.064kwh
 _12PM Sat 27-Dec-2014___0.706kwh  
 2 PM   20-Feb-2014_0.533kwh  
3AM   14th-Mar-2014__0.181kwh  
  _3AM Sun 6-Apr-2014__0.079 kwh  
8PM   20th-Aug-2014____2.054  kwh  
  5 PM  Wed 18-Jun-2014____2.036  kwh  
 _1PM   5th-Jun-2014__0.742 kwh 
  11AM 18-Jun-2014___0.99 kwh  
  5PM   Sat 28-Jun-2014___1.912 kwh  
  6AM Fri 18th-Jul-2014___2.592  kwh 
  _9AM   Monday 3-Feb-2014_0.421 kwh  
  _3PM  Wednesday 24-Sep-2014___0.297 kwh
  __12PM   Sat 15-Mar-2014__0.437  kwh  
  __12 PM   21-Dec-2014__0.561 kwh 
  __7PM Wed 14-May-2014__1.296 kwh 
_6AM   Fri 12-Sep-2014__0.731 kwh
__7 AM  Tue 16-Sep-2014___0.554kwh 
  _12 AM  Monday 30-Jun-2014___0.497  kwh  
__12 AM 28-Sep-2014_0.577  kwh  
  _3 AM 3-Mar-2014____0.146 kwh 
_9AM  Sat 02nd-Aug-2014___1.134kwh 
 6 PM  10th-Jan-2014__3.08 kwh
 __1 AM   05-Feb-2014___0.25  kwh
5PM  16th-Dec-2014_1.616  kwh
  _2PM Wed 16-Apr-2014__0.096 kwh
  _3 AM Monday 3rd-Feb-2014_0.23 kwh 
  _2AM  Sun 10-Aug-2014_0.378 kwh
 4AM  Wed 8-Oct-2014___0.10  kwh
7 PM   Fri 11th-Apr-2014____0.432  kwh
  _6AM  Sun 11th-May-2014____0.749  kwh
2 AM   19-Dec-2014_0.24  kwh
 _8AM   Mon 10th-Feb-2014_0.523  kwh  
2PM  Sunday 24-Aug-2014____0.979kwh 
 6AM   12th-Dec-2014__1.135  kwh 
 _5AM   23-Sep-2014_0.678 kwh 
__4 PM  24-Dec-2014____0.405 kwh
_3AM  Saturday 15-Mar-2014____0.202kwh  
11AM   10th-Mar-2014_0.412kwh 
4 AM   Sat 8-Nov-2014_0.132kwh  
  _4AM   17-Nov-2014_0.091 kwh  
 2 AM  Tue 7th-Oct-2014____0.107kwh  
1PM Fri 20-Jun-2014____0.72  kwh
_8 AM   14-Apr-2014___0.103  kwh 
 __10PM   11th-Jul-2014_1.361 kwh  
__4PM  21st-Feb-2014__0.538kwh
7AM  Wed 3-Sep-2014____0.51kwh  
  _12 PM   21-Jun-2014___0.864 kwh
  __6PM  18-Jun-2014____2.696kwh  
  10AM   11-Dec-2014__0.475  kwh
 __9PM  20-Dec-2014_0.387 kwh 
 _1AM   Sat 8th-Nov-2014__0.155  kwh  
 _8AM  9th-Mar-2014_0.874kwh 
  __4AM  Wednesday 03rd-Dec-2014____0.222  kwh
__11AM   17-Nov-2014__0.209 kwh
 __12PM  04-Nov-2014___0.239  kwh
  __12PM 03rd-Oct-2014_0.336kwh  
  __8PM   Sat 04th-Oct-2014_1.048  kwh
  12AM 4-Mar-2014__0.24  kwh
__1 AM Saturday 18th-Oct-2014__0.198kwh
12 AM   Sun 29-Jun-2014_1.642kwh  
  __8AM Tue 01st-Apr-2014_0.12kwh  
_1 PM Thu 29-May-2014____0.346kwh 
_9AM Saturday 13-Dec-2014_1.01  kwh  
 1AM   Tuesday 02nd-Dec-2014_0.209  kwh  
  __7PM  31st-Jan-2014____3.708kwh
  12AM 5-Apr-2014_0.259  kwh
5 PM   Tue 9-Dec-2014__1.301 kwh  
  _9PM  Tue 13-May-2014__0.451  kwh  
  __6 AM  Fri 11-Jul-2014____2.851kwh  
11PM Sat 10-May-2014___0.808kwh  
  3 PM   27th-Aug-2014__0.408kwh
 __1PM  Thursday 20th-Mar-2014____0.317  kwh 
  6AM  Sunday 7th-Dec-2014__0.836 kwh
__6AM  15-May-2014____1.008 kwh 
  __10PM  Mon 17th-Mar-2014__0.452kwh
__7AM  03rd-Dec-2014_0.881kwh 
 7AM   3-Jul-2014__1.728  kwh  
8AM  Mon 19-May-2014__0.349  kwh  
  11 AM   14-Jul-2014_1.128  kwh  
_1AM Sunday 14-Dec-2014____0.281 kwh
  _2PM 25th-Aug-2014____0.504kwh  
  _11AM  29th-May-2014___0.368 kwh
 _10AM 04-Dec-2014_0.409  kwh 
 _4 AM   20th-Dec-2014____0.33 kwh
  _7 PM Friday 4th-Jul-2014___4.234  kwh
 1 AM  18-Jan-2014__0.708  kwh
 __6AM 9-Mar-2014____0.717 kwh 
 3AM   Sat 15th-Nov-2014____0.162  kwh
  __6PM 27th-Apr-2014_0.589kwh  
_11AM   Wed 27-Aug-2014____0.582  kwh
 6 AM 12th-Feb-2014__1.368kwh
  __10AM   6-Sep-2014____0.361 kwh 
__7AM Mon 24th-Mar-2014___0.857kwh  
 _7AM 4-Feb-2014____1.069kwh  
1PM   Wed 5th-Nov-2014_0.158 kwh 
  __1 PM   Tuesday 16-Dec-2014_0.414  kwh  
__11PM 6th-Dec-2014___1.056kwh  
__5 PM Saturday 09-Aug-2014___0.864 kwh 
  3 PM   19th-May-2014_0.269kwh
  _9AM  Wednesday 8-Oct-2014__0.151kwh  
 _6AM   29th-Dec-2014__1.32 kwh 
  _8AM 4th-May-2014___0.936  kwh  
 3AM Saturday 16-Aug-2014____0.342  kwh
 11 PM  Sat 1st-Nov-2014___0.509 kwh 
_8 PM   4th-Sep-2014____1.344 kwh 
  __8AM 15-Jan-2014___0.912 kwh
  __5PM 15th-Jan-2014_2.47kwh
 __10AM   7th-Oct-2014____0.238kwh  
 __1PM 5-Oct-2014____0.432kwh  
  4 AM   Thursday 18th-Sep-2014____0.133  kwh  
  _12PM 07th-Mar-2014_0.384  kwh  
 11 AM   06th-Dec-2014____0.772  kwh  
 5PM Mon 20-Jan-2014_2.548kwh
  __6 AM   Sun 28th-Dec-2014_1.056  kwh  
  _11 AM   12th-Mar-2014_0.456 kwh  
  _6 AM  Wed 16-Jul-2014_3.139kwh
 5 PM Sat 5th-Apr-2014____0.251 kwh
6 AM Mon 10-Mar-2014_0.998  kwh
  __2PM  Friday 11th-Jul-2014____0.883 kwh
  _7PM  26-Jul-2014___5.141kwh 
_8AM   7-Apr-2014____0.131kwh  
__9AM   11th-Dec-2014__0.327kwh
__5AM Sat 27-Dec-2014___0.287 kwh  
  _8 AM   Mon 22-Dec-2014____0.475  kwh  
 8PM  22-May-2014__1.037 kwh
  __10 AM Wed 10-Sep-2014____0.297  kwh  
  _9PM   17th-Mar-2014__0.523 kwh  
  7PM Fri 26th-Dec-2014_2.02 kwh 
_2 AM Fri 11th-Apr-2014__0.061kwh  
  11 PM 1st-Sep-2014_0.319 kwh  
  _12PM  13th-Jul-2014__1.44  kwh
  __2 AM 07-Dec-2014____0.34kwh  
 _2AM   Sat 05-Apr-2014_0.106  kwh
 4 AM 26-May-2014__0.168 kwh  
  _10AM 08th-Jan-2014___0.648kwh  
  _6PM   Mon 31st-Mar-2014___1.344  kwh  
_2AM   20th-Jul-2014__0.742 kwh 
  12 PM  16-May-2014____0.44  kwh 
_4AM 17th-May-2014__0.233kwh  
  2 PM  1st-Feb-2014____1.008  kwh 
 8 AM 21-Mar-2014_0.31 kwh
  _11AM  16-Jan-2014__1.04  kwh 
 _3 PM Monday 22nd-Sep-2014____0.28  kwh 
  11 PM   14-Nov-2014_0.423kwh  
  8AM 10-Mar-2014___0.368 kwh 
  9AM 9th-Apr-2014__0.077kwh  
 _8 AM 5-Feb-2014__0.542  kwh  
_1PM   31-Mar-2014___0.314kwh 
  __12 PM   Saturday 15th-Feb-2014___0.576  kwh  
  __8PM  Sat 29th-Nov-2014_0.68 kwh 
_7AM   Wed 16-Jul-2014____2.009kwh  
8PM Tue 29th-Jul-2014____3.955  kwh
 12AM  Mon 16th-Jun-2014___0.556  kwh
_8AM Fri 23rd-May-2014__0.374 kwh
 __4 PM  Thu 26-Jun-2014_0.576  kwh
__9 PM  3-Apr-2014___0.144  kwh 
  __3PM 6-Apr-2014_0.267kwh 
_7AM  10th-Aug-2014___1.642  kwh 
  _10AM   Thu 13th-Mar-2014_0.266kwh 
  _4 AM   16-Aug-2014___0.428kwh  
  8AM 15-May-2014___0.378  kwh
 _4AM   Fri 21st-Nov-2014____0.104  kwh
__5 PM   Fri 18th-Jul-2014_3.307 kwh 
10AM   Thursday 7-Aug-2014____0.504  kwh
 _2AM   Wed 27-Aug-2014___0.216  kwh  
  _1AM 19th-May-2014__0.179 kwh
 __9AM Sat 16-Aug-2014_1.004kwh 
11AM   30th-Mar-2014_0.523 kwh  
  __8AM 10-May-2014_0.884  kwh 
  _6PM   Fri 17-Jan-2014___3.052kwh  
 __1PM Sun 15-Jun-2014____1.199  kwh 
  __2PM   2nd-Jan-2014_0.88  kwh
2AM  22-Apr-2014__0.071 kwh
 2 AM Saturday 06th-Dec-2014___0.317  kwh  
  _2PM  13th-Sep-2014____0.498kwh  
  2PM Tue 12th-Aug-2014___0.437kwh  
__5AM  04th-Sep-2014___0.662  kwh
_2AM   16th-Dec-2014__0.194kwh  
 _4AM  8th-Mar-2014____0.233  kwh
  _12 AM  Thu 02nd-Oct-2014_0.191 kwh  
 _5PM Sun 05-Jan-2014___2.052  kwh 
_5 PM   Mon 28-Apr-2014___0.464  kwh 
  7AM  30-Dec-2014____0.851 kwh 
_1AM   12-Jun-2014__0.356 kwh  
3AM  Thu 16-Jan-2014__0.36 kwh
 __4PM   Sat 10th-May-2014____0.691  kwh  
 11 AM Fri 28th-Mar-2014___0.388  kwh 
  __5PM Wednesday 30th-Jul-2014_3.401  kwh 
 __5AM   Fri 09th-May-2014__0.977 kwh 
 2 AM   Sun 7th-Sep-2014__0.179kwh  
 8PM Wednesday 16th-Apr-2014__0.446kwh 
10AM   8-Feb-2014_0.706 kwh
  __6PM  03rd-Aug-2014_2.138kwh
_3 AM  Wednesday 30th-Apr-2014_0.062kwh
__3 PM 21st-Aug-2014___0.403kwh
 _5 AM  01st-Jan-2014_2.354 kwh
 12 PM   31st-Oct-2014__0.354kwh 
  __1 AM   Friday 12th-Sep-2014_0.141  kwh 
  4 AM  Sat 09-Aug-2014_0.389 kwh 
5 PM   24-Jan-2014___2.288kwh
_11 AM  Tuesday 18-Nov-2014__0.25  kwh  
 __9PM Sun 7th-Sep-2014_0.441kwh
 __10PM  Wed 29-Jan-2014____0.97kwh
12PM   Mon 27-Jan-2014_1.02 kwh 
  __7PM   24th-Mar-2014_1.498kwh
 9 AM 23rd-Jul-2014_0.727  kwh  
 1AM 5-Jan-2014___0.54  kwh  
  _7AM   Thu 04th-Dec-2014___1.099  kwh 
  _8PM 21-Nov-2014__0.59kwh 
  _6 PM  Sun 07-Sep-2014_1.386kwh  
  _5PM   4th-Nov-2014____0.527  kwh
 __3 AM   28-Dec-2014___0.373  kwh 
__10 PM   22-Nov-2014__0.198 kwh  
 9AM 13-Oct-2014___0.144 kwh
  6AM  Tue 4th-Nov-2014_0.491kwh
  __11 AM Friday 07th-Mar-2014___0.376kwh 
11PM Friday 21-Nov-2014_0.477kwh 
_8AM   12th-Jun-2014__0.742 kwh 
  _5PM 11th-Jan-2014_1.854 kwh  
2AM   26th-Jan-2014__0.672kwh 
 _6PM   Sunday 30-Mar-2014____1.397  kwh
 _1AM 11th-Jun-2014____0.317 kwh
8PM   7th-Mar-2014___1.485kwh  
 4AM  Mon 31st-Mar-2014___0.138 kwh 
__1 AM Sat 10-May-2014_0.233  kwh  
  __11AM 17-May-2014___0.571  kwh  
 _6 PM   14-Jul-2014_3.192kwh  
__5AM   6th-Jun-2014___1.881kwh 
 __12PM  Tuesday 1-Apr-2014____0.159  kwh
  _11AM Wed 6th-Aug-2014_0.594kwh
  10 PM Tuesday 10-Jun-2014___0.981kwh
__12AM  29-Mar-2014__0.646 kwh 
  4 PM  4th-Oct-2014____0.486kwh 
  _8AM Fri 11-Apr-2014__0.132kwh  
  __1PM   Saturday 27-Sep-2014_0.42kwh 
  _2AM   Mon 29-Sep-2014____0.168 kwh
 8PM 15th-Jan-2014___3.136kwh 
 _4 AM   26th-Apr-2014_0.087  kwh  
  _1AM Sunday 6th-Jul-2014_0.77  kwh  
  _2AM   22-Aug-2014____0.238  kwh
10 PM Wed 31-Dec-2014__0.633  kwh 
__10AM Sun 20th-Apr-2014____0.185 kwh 
 _9AM   Sat 26th-Jul-2014_2.354kwh 
__9 AM Sun 16-Feb-2014____0.972 kwh
 _8 PM   17th-Feb-2014____2.15 kwh
8 PM Tue 8-Jul-2014__3.725  kwh
__5PM   Tue 25th-Nov-2014___0.515 kwh  
9AM  23-Sep-2014____0.216  kwh 
 4PM  28-Jun-2014___1.636kwh
5AM Sunday 9th-Mar-2014_0.218kwh 
 _8 AM   Sun 16th-Feb-2014____1.685  kwh  
  _11PM   29-Apr-2014__0.164 kwh  
 6AM   6-Apr-2014__0.223kwh
  __2AM 21-Sep-2014____0.25  kwh  
__6PM   8-Feb-2014_2.074kwh  
  _5 PM  20th-Dec-2014___1.099  kwh  
  9PM Tuesday 04-Nov-2014___0.286  kwh
 _6AM   Mon 26th-May-2014_0.826kwh
  9AM   2-Dec-2014_0.274 kwh 
2 AM   26th-Nov-2014____0.087 kwh
 __2AM Sun 6th-Jul-2014____0.749  kwh
__5PM  Mon 29-Sep-2014_0.774kwh 
 __2 PM  Thursday 14th-Aug-2014___0.542kwh  
  8 AM Thu 1-May-2014_0.272  kwh
1AM  2-Jan-2014____0.472 kwh  
_3AM   7-Dec-2014_0.33 kwh
5AM   Tuesday 29-Apr-2014_0.353  kwh 
  _9AM 19th-Apr-2014_0.243kwh 
  _7AM   10th-Apr-2014____0.251 kwh
 __12PM  11th-Sep-2014___0.326 kwh  
 __5 PM  Thu 27th-Feb-2014__1.326kwh  
1 PM   3rd-Dec-2014___0.387kwh
 _1AM  10-Dec-2014_0.178  kwh
  5PM   Monday 07th-Jul-2014____3.432 kwh
  _10 PM  11th-Jan-2014__0.944kwh 
 _1 PM 16-Feb-2014_0.857  kwh  
 __4AM  Tuesday 30-Dec-2014_0.264  kwh  
 8 PM   Mon 20th-Oct-2014__0.941kwh 
  __1AM   Fri 02-May-2014____0.131 kwh  
  6 AM   20th-Jul-2014____2.246kwh
 _10PM Sun 05-Oct-2014__0.354kwh 
__7AM   17-Dec-2014___1.01  kwh
 __2AM Tue 19th-Aug-2014____0.25 kwh  
__4 AM Thursday 20th-Feb-2014____0.257kwh 
  _10AM  Sun 17th-Aug-2014____0.583 kwh 
 12AM  9th-Oct-2014____0.20 kwh 
11 AM  Saturday 19th-Jul-2014_1.541  kwh
1PM   21-Oct-2014____0.199kwh  
 11 AM  Mon 21-Apr-2014____0.167  kwh  
  __8PM   1st-Jul-2014____3.725 kwh  
 __7AM  Sun 30th-Nov-2014__0.578 kwh
_10AM  28-Jan-2014____0.96kwh  
 __11PM   23-Jan-2014__0.87  kwh 
__4AM  Wed 19-Nov-2014_0.104 kwh  
 __1PM   Thursday 18-Sep-2014____0.288kwh  
  _3AM Thu 27-Nov-2014___0.089 kwh  
  1AM  11th-Feb-2014____0.271  kwh  
  _2PM 04-Dec-2014____0.409  kwh
 __10 PM  Sun 06th-Apr-2014___0.176 kwh
 _6AM  Saturday 26-Jul-2014_1.786kwh
 7AM   11th-Nov-2014____0.437  kwh 
_9PM Thu 30-Oct-2014_0.428kwh
 _11AM   Saturday 05-Apr-2014__0.198kwh  
 _12PM  26th-Jan-2014__1.404  kwh 
__7PM  2-Jan-2014__4.14 kwh  
12AM   31st-Oct-2014__0.169  kwh
  11 PM  Tuesday 11th-Mar-2014_0.412kwh  
 6AM  25th-Aug-2014_1.555  kwh
_1AM 10th-Mar-2014___0.131 kwh
 __8AM 22-Apr-2014___0.13kwh 
__4AM   05-Dec-2014__0.233  kwh 
 12 PM 18-Dec-2014_0.495kwh  
  10 PM   Mon 15th-Sep-2014___0.301 kwh
  _8 PM   19-Jan-2014_3.384 kwh
3AM Sat 08-Nov-2014_0.136  kwh 
 __2 PM   22nd-Feb-2014___0.931 kwh 
  __9PM   8-Dec-2014___0.541 kwh  
  _9 PM   30-Nov-2014__0.281 kwh 
__11 PM Fri 07th-Nov-2014__0.374  kwh  
 4PM   Wednesday 10th-Dec-2014_0.524 kwh
__11PM   Sunday 28th-Sep-2014___0.361 kwh
 6PM  20-May-2014____1.288  kwh 
__3 AM  4-Apr-2014_0.058  kwh
__9PM  Friday 23-May-2014___0.317 kwh
 10PM   Mon 18-Aug-2014__0.516  kwh  
 _12AM  Sat 24-May-2014____0.672kwh  
 8AM Sun 03-Aug-2014___1.607 kwh 
  __5 AM 13-Oct-2014____0.686kwh  
  _7PM  12-Sep-2014____1.197  kwh
__12AM   Mon 15th-Dec-2014__0.294kwh
_4PM   25-Apr-2014____0.121kwh
  _6AM   Thu 24th-Jul-2014___2.448 kwh
10AM   9th-Aug-2014____0.677kwh
 9AM Tue 22-Apr-2014____0.077  kwh 
  _6AM Sun 16-Feb-2014___0.912  kwh 
 _9 PM   23rd-Feb-2014_0.799  kwh 
10AM   17th-Jan-2014___0.688  kwh 
__5 AM   14-Feb-2014_1.505kwh 
__5 AM   Monday 29th-Dec-2014__1.222  kwh
 __11 AM  Saturday 29-Nov-2014__0.227  kwh
_8AM 6-Jan-2014_0.808  kwh
  10PM Sunday 23-Feb-2014_0.666  kwh  
 _4PM Thu 25th-Sep-2014____0.333  kwh  
2 PM   Thu 19th-Jun-2014____0.792 kwh
_1 AM   18th-Dec-2014_0.196  kwh
 _5AM 16th-Oct-2014__0.719 kwh
 __6PM   Wed 13th-Aug-2014____1.562 kwh
  10 PM 20-Mar-2014____0.424 kwh  
  _6AM   31-Jan-2014_2.448  kwh
  10 PM  5th-Jul-2014_1.075  kwh  
  5AM   12th-Feb-2014__1.346  kwh  
__3PM Sat 11-Jan-2014__1.926 kwh  
 _11 AM  29th-Oct-2014__0.357kwh  
  _3 AM   5th-Jul-2014____0.612kwh
__4AM Thursday 27-Nov-2014_0.088kwh
  _5AM   09-Jun-2014____1.822  kwh 
__4 PM   30th-Jan-2014_0.728 kwh 
 _9PM  Mon 28th-Jul-2014___1.555 kwh  
 __7PM   Thu 27-Mar-2014__1.714 kwh
  __10AM Mon 17-Nov-2014_0.189  kwh 
  2AM Wed 29th-Oct-2014____0.114kwh  
  _7 PM  Wed 30-Jul-2014_5.054 kwh 
_4PM 9-Sep-2014____0.311  kwh
  4AM  Sun 4-May-2014__0.278kwh
  5 PM   26-Mar-2014_0.853 kwh  
 2AM   Monday 13-Jan-2014_0.408  kwh 
  3AM 6-Feb-2014___0.216kwh 
  _12 AM Tue 18-Feb-2014____0.32 kwh 
__7PM   07th-Aug-2014____2.268 kwh
  __5AM  30th-Sep-2014_0.693kwh 
  _6AM   Sat 25-Jan-2014_1.44kwh  
  3 PM   Sat 4-Jan-2014____1.89  kwh
 __10PM 24-Mar-2014____0.464kwh  
_12AM   25-Apr-2014____0.077  kwh
_7AM Fri 7-Mar-2014____0.648kwh  
 _7AM Wed 29-Jan-2014____2.034  kwh  
  4PM  Mon 3rd-Mar-2014___0.259 kwh 
_4PM   12-Dec-2014_0.396 kwh 
 7PM  19th-Jan-2014____2.88 kwh
  _3PM 29th-Apr-2014____0.138 kwh 
_11PM 14-May-2014___0.376 kwh 
10 PM  30-Dec-2014____0.633 kwh
2PM Mon 3rd-Nov-2014___0.198kwh
8PM Wednesday 25th-Jun-2014____2.362kwh
  11PM Thursday 02nd-Oct-2014__0.249 kwh 
  10 AM   Saturday 22-Nov-2014_0.227  kwh  
5 PM 17-Oct-2014_0.827 kwh 
  10AM  Mon 2nd-Jun-2014___0.619kwh  
9 PM 01st-Nov-2014____0.151kwh
 __7AM   Tue 16-Dec-2014__0.881kwh 
 __8 AM   15-Oct-2014____0.226  kwh 
  8 AM  Sat 19-Apr-2014___0.359 kwh
  8AM  Fri 15-Aug-2014___0.542 kwh  
 2AM   15-Nov-2014__0.135  kwh  
  _4 AM   Sunday 16-Mar-2014____0.283  kwh  
  _2AM 1-May-2014____0.147  kwh
  1PM  28-Sep-2014_0.441 kwh 
__5PM   Fri 19-Sep-2014____0.983  kwh
4PM   25-Mar-2014___0.323 kwh
 __11PM   Tuesday 28th-Jan-2014____1.03  kwh  
 4PM   30-Aug-2014____1.004 kwh  
  __7 AM  01-Aug-2014__1.112  kwh  
  _3AM   18-Jan-2014___0.492kwh
9 AM  Mon 15-Dec-2014__0.337 kwh 
 10 PM  Tue 21-Jan-2014_1.06  kwh
 __1PM   03rd-Jul-2014_1.152 kwh
  9 PM  06-Mar-2014____0.566kwh 
 _2PM 14-Nov-2014___0.157kwh  
_1 PM Sun 20-Apr-2014_0.205  kwh  
__2PM  18th-Apr-2014___0.104  kwh  
_2AM  14-May-2014____0.152kwh 
1PM Sun 05th-Jan-2014_0.972 kwh  
  __8AM   Sat 21-Jun-2014___2.083kwh
  10AM Wed 18th-Jun-2014___0.634kwh 
  4 AM   Sun 6th-Jul-2014__0.72kwh
  12AM   27-Dec-2014____0.889kwh 
 __3PM  28-Apr-2014____0.101kwh
  _4 AM   18th-Dec-2014_0.264  kwh 
 2AM   Fri 15-Aug-2014____0.254kwh 
  __6PM  26-Jun-2014___2.117kwh 
_11AM   Tue 09-Sep-2014____0.396kwh  
__12PM   Thu 17th-Jul-2014__1.38kwh
 __9PM Sunday 12th-Jan-2014___1.104 kwh 
 10PM   16-May-2014____0.571kwh  
  __4AM Fri 11-Jul-2014__0.494kwh 
  _3PM   28th-May-2014___0.323  kwh 
  12PM   05-Feb-2014___0.522  kwh 
 __7 AM  09-Apr-2014___0.319 kwh 
  __11PM   Monday 30-Jun-2014_0.972  kwh 
  __5AM  19th-Oct-2014__0.175 kwh
__7PM Sat 20-Dec-2014__1.742kwh 
  __9PM  03-Jan-2014__0.712  kwh  
 6AM   Wednesday 20th-Aug-2014___1.195  kwh  
_7 AM   Tue 22nd-Apr-2014__0.238  kwh
  4PM   Fri 14-Feb-2014___0.413kwh 
_10PM 25-Jul-2014____1.495  kwh 
 _7AM   Friday 25th-Apr-2014_0.30  kwh 
 __3AM 26-Dec-2014____0.224  kwh 
  _4PM   5-Jan-2014____2.106kwh 
_11 AM Tue 4-Nov-2014___0.241kwh  
  7PM   Thu 6th-Nov-2014____0.656 kwh
  2 AM  28th-Jun-2014_0.589kwh 
 5 AM   Wednesday 10-Dec-2014__1.077  kwh
 _3AM   Mon 24-Mar-2014____0.176kwh
  _2PM  29-Sep-2014____0.272  kwh 
 __7AM   Sun 19-Jan-2014__2.112 kwh
  _7 PM 29-May-2014___1.57kwh 
 11PM  25-Aug-2014_0.564 kwh
__11 PM Sat 1-Mar-2014___0.664kwh
  __8AM Thu 17th-Jul-2014___0.95  kwh 
__2PM   Thursday 28th-Aug-2014_0.514 kwh  
  _2AM  Sunday 19-Oct-2014__0.191  kwh 
  _2AM  27-Sep-2014_0.231kwh
__5AM   17-Apr-2014____0.389kwh 
_7 AM  Saturday 11-Jan-2014____2.016  kwh 
  __2 PM   Sun 21-Sep-2014___0.616kwh
 8AM  Wed 29-Jan-2014____0.824 kwh 
 _1AM   Thu 20-Mar-2014___0.142 kwh 
  __5AM 18th-Jul-2014__2.482  kwh
  __12AM   Sunday 7-Dec-2014____0.739  kwh  
 5AM  Sat 06-Dec-2014_0.327 kwh 
__11 AM Sat 18-Jan-2014__1.20kwh 
__2AM Sat 25th-Jan-2014__0.48 kwh 
__9 PM 18-Aug-2014___0.691kwh
 _3PM  13th-Mar-2014_0.275  kwh  
  __6PM  14-Jan-2014___2.52  kwh
1AM   Mon 26th-May-2014_0.19 kwh 
__8 AM  Sat 31-May-2014_0.926 kwh  
__10AM Sat 19th-Jul-2014_1.526  kwh
 10 AM   Tue 14th-Oct-2014__0.235 kwh 
__9 PM   Sun 15-Jun-2014____1.069 kwh 
  _3AM  Wed 01-Oct-2014____0.142 kwh
1AM 30th-Aug-2014____0.374kwh  
  __8 AM  13th-May-2014___0.333kwh 
  9 PM   5th-Aug-2014____0.655  kwh
  _4AM  Tue 28th-Jan-2014__0.448  kwh
 __7AM   Sat 16-Aug-2014___1.512  kwh
__11AM  21-Mar-2014___0.36 kwh  
  9PM   Fri 05th-Dec-2014___0.427 kwh  
 10AM Mon 25th-Aug-2014___0.523  kwh  
11AM   Fri 22nd-Aug-2014___0.48  kwh  
2 AM   Tue 24th-Jun-2014__0.40  kwh  
  _9 AM 19-May-2014_0.281  kwh 
 2AM  17th-Dec-2014___0.20kwh  
_10 PM  Sun 16th-Mar-2014_0.348 kwh
__5AM  31st-Oct-2014___0.62kwh
  3PM  Tue 20-May-2014____0.294  kwh 
 _12 AM   Sunday 18th-May-2014____0.73kwh 
  _12PM  Thursday 04th-Sep-2014__0.347kwh  
  8 PM Tuesday 16-Sep-2014__1.221 kwh  
 5AM Sat 27-Sep-2014___0.208 kwh
_6 PM  Sun 11th-May-2014____1.368  kwh
  7 PM   Sat 2-Aug-2014____1.814 kwh
  1PM   10-May-2014____0.514 kwh  
  _6AM   Fri 16-May-2014___1.085  kwh  
_5AM   23-Apr-2014_0.37  kwh
 __7 AM  03-Nov-2014___0.486 kwh
 _9PM   8th-May-2014_0.538 kwh  
8PM  Friday 6th-Jun-2014____2.39 kwh 
6PM   6th-Sep-2014__1.474 kwh 
 _1PM   Thu 24-Jul-2014___0.912 kwh  
_11 AM  25-Dec-2014_0.638  kwh  
 __3PM  Mon 13-Oct-2014_0.264kwh 
3 PM 13-Jan-2014__0.656  kwh 
 __7AM   27th-May-2014___0.626  kwh  
_12PM  Wed 20-Aug-2014___0.666  kwh
__4AM 4-Sep-2014___0.122 kwh
 __9 AM   13-Mar-2014___0.197 kwh  
 _5PM  Thu 15th-May-2014____0.988kwh  
4PM 30-Sep-2014__0.28  kwh 
  _10AM  18th-Oct-2014__0.418kwh 
  __9 AM   Sun 21-Sep-2014___0.554 kwh 
10AM   27th-Sep-2014___0.424 kwh  
9 PM   30-Sep-2014_0.428kwh  
__1AM   23rd-Feb-2014____0.389  kwh
  __3AM Fri 27th-Jun-2014_0.356kwh
  _4AM   14-Oct-2014_0.132 kwh
  __9 AM 23-Jan-2014_0.636  kwh
4 PM   Tuesday 19-Aug-2014__0.485kwh 
  4PM  28-Dec-2014__0.96kwh  
10AM Wed 10th-Dec-2014__0.378  kwh
7AM   21st-Jan-2014___2.106kwh  
 __1AM 30th-Jan-2014__0.324  kwh 
  1PM  Wednesday 23rd-Apr-2014__0.121 kwh
1 PM Tue 24-Jun-2014_0.691  kwh  
  __5 PM  Wednesday 6th-Aug-2014_1.357kwh  
 8PM Sunday 5-Oct-2014____1.145kwh  
__7AM 29-Dec-2014____0.901kwh  
6 PM Sun 16-Nov-2014_0.972  kwh  
 9 PM 10-Jul-2014_1.426kwh  
  _2PM   Mon 21st-Jul-2014____0.912  kwh 
 5PM   20th-Aug-2014__1.451kwh  
  1AM   Sunday 25th-May-2014____0.288kwh
 _11 AM   Thu 27-Feb-2014_0.606 kwh 
 _7PM   Wed 2-Jul-2014___3.888  kwh  
 __9AM   05th-Mar-2014_0.199kwh
 __4 PM   7-May-2014____0.365  kwh 
11AM 30th-May-2014___0.46 kwh  
 _10 AM Fri 8-Aug-2014__0.533 kwh 
 __11 PM  Mon 29-Dec-2014_0.66kwh 
  __5AM   Mon 17th-Feb-2014___1.056kwh  
  6PM  Friday 11th-Apr-2014____0.386  kwh
  __9 PM 19-Sep-2014____0.258kwh
  2 AM   04th-May-2014___0.202 kwh
 _3 PM Wed 26-Feb-2014____0.562  kwh  
 12PM Wednesday 30th-Apr-2014__0.162 kwh  
12PM Thursday 31st-Jul-2014___1.044kwh 
  __2 AM   16-Oct-2014_0.103  kwh 
  _6PM 20-Mar-2014_1.12  kwh  
  _4PM  Friday 26-Sep-2014__0.333  kwh
 __9 AM Monday 03-Nov-2014__0.153  kwh
  _9 PM   29th-Apr-2014_0.157kwh
__1 AM Tue 18-Nov-2014____0.102  kwh 
  _6 AM  Fri 14-Mar-2014_0.893kwh 
  __10PM Tue 24th-Jun-2014_0.81  kwh  
 _8AM   Thursday 30-Oct-2014__0.192  kwh 
  _6 AM   30-Jul-2014____3.312  kwh  
 9 AM 27-Sep-2014____0.561 kwh  
__1AM  17-Nov-2014___0.08kwh
 _4 AM  9-Mar-2014__0.286  kwh
 _4PM   28-May-2014_0.282kwh
__1AM  27th-Aug-2014_0.238kwh  
4AM   23rd-Feb-2014___0.353  kwh
__4PM   Thu 20th-Mar-2014___0.269kwh  
__3PM  20-Jun-2014_0.778kwh 
 _2PM Wednesday 18-Jun-2014__0.749  kwh 
  _3AM Sun 27th-Apr-2014___0.101 kwh
  _4 AM  Wed 5th-Nov-2014_0.102  kwh 
_5PM  22nd-Jan-2014__2.288  kwh
 __2 PM  21-Aug-2014__0.523kwh
  6AM Tue 23-Dec-2014_1.056 kwh 
  _2PM   Sat 11-Jan-2014__1.44kwh  
  4PM   Thu 20th-Nov-2014___0.203  kwh 
 10 PM Sat 29th-Nov-2014____0.187 kwh 
2PM  Tue 20-May-2014___0.381 kwh
__3PM   16-Feb-2014__1.21 kwh 
  __5AM   01st-Sep-2014__0.747 kwh 
 __3PM   Sunday 23rd-Feb-2014___0.896kwh
 7AM Mon 27-Oct-2014___0.481  kwh
 _11AM Tue 15-Apr-2014_0.162kwh 
  _9PM Tue 17th-Jun-2014___1.026 kwh 
__11AM   2-Jun-2014____0.918kwh  
  _10 AM  24-Dec-2014__0.488 kwh  
6AM Mon 29-Sep-2014____0.739  kwh
_12AM  Fri 07-Nov-2014___0.112 kwh  
 __6AM 21st-Oct-2014__0.626kwh 
 __5AM   Sun 18-May-2014____0.278kwh
 __2AM   Tue 23rd-Dec-2014_0.205kwh  
  _6PM 04-Aug-2014_1.596 kwh
  7PM 11th-Sep-2014____1.008  kwh  
 _8AM   2nd-Jan-2014__0.712kwh  
  __5AM   Saturday 19-Jul-2014_0.598  kwh  
 5AM  19th-Jan-2014_0.522  kwh 
  __9AM   Thu 09th-Oct-2014____0.212  kwh  
  1 AM Thursday 16th-Oct-2014____0.132  kwh  
_6AM  Mon 03rd-Nov-2014_0.513 kwh
  _1 AM   8th-Jan-2014____0.34kwh 
_2AM  Thursday 27-Feb-2014_0.266  kwh 
 __4 PM  Thu 9th-Oct-2014___0.194  kwh
 _3AM 20th-Mar-2014___0.192 kwh
  __8 PM  Sat 28-Jun-2014_3.305 kwh
 6 AM 2nd-Aug-2014__0.97  kwh
  __5 PM  Monday 30-Jun-2014__2.246 kwh
 _9 AM Tuesday 21st-Oct-2014__0.216 kwh  
  1PM 22nd-Sep-2014_0.269kwh 
_10 AM Wed 14-May-2014_0.362  kwh  
  1AM Thu 1-May-2014__0.13  kwh  
_3AM   Fri 14th-Feb-2014____0.247 kwh  
 __10 AM   20th-May-2014__0.336 kwh
__7PM  Mon 17-Feb-2014__1.879kwh  
__5 AM  Sun 30-Mar-2014__0.242  kwh 
 __7 PM  Monday 28-Jul-2014____5.011 kwh
  __7PM   23rd-Mar-2014____1.224kwh 
_8AM 6th-Dec-2014_1.258  kwh
 __3AM  30-Jul-2014_0.542 kwh 
__1AM 19th-Apr-2014__0.10 kwh 
  __4 PM  22-Mar-2014____0.59  kwh  
  __5AM   20th-Jul-2014____0.619  kwh 
10 AM   21st-May-2014___0.266 kwh
 4 PM Tue 18th-Mar-2014___0.259 kwh
 __12PM   30-Oct-2014___0.291 kwh 
 10PM  Thu 17-Apr-2014_0.137  kwh  
__4 PM  Thu 23rd-Jan-2014___0.768kwh  
_3 AM  Sat 11th-Jan-2014_0.612 kwh
__4AM  Wed 19-Feb-2014___0.266kwh
  __7 PM   Fri 28-Mar-2014___1.512kwh
 _6 AM 04th-Dec-2014____1.478  kwh 
 4PM  Sun 14-Dec-2014__1.01 kwh
  __1 PM   3rd-Nov-2014__0.207 kwh 
__1PM  Tue 25th-Feb-2014____0.48kwh  
 _5 PM  25-Dec-2014___1.401 kwh 
  _1 AM Sun 16th-Feb-2014_0.414  kwh
 __11AM Monday 13th-Oct-2014____0.297kwh 
 __11 PM Mon 15th-Sep-2014___0.333kwh  
__5 PM  Wednesday 13th-Aug-2014__1.31kwh 
 __8PM   15th-Jun-2014____3.337kwh  
  10PM   3rd-Nov-2014____0.254 kwh 
  2 AM  27-Jan-2014__0.40kwh  
 2AM  31st-May-2014___0.252kwh  
__1 AM Tue 22-Apr-2014_0.064kwh
 _6AM  Tue 13-May-2014__0.883 kwh
8PM  Fri 10-Jan-2014__3.392 kwh  
 __4 AM Mon 17th-Feb-2014__0.262 kwh
7PM   22nd-Dec-2014____1.742  kwh  
  4PM  1-May-2014_0.32  kwh 
_1AM  1st-Sep-2014___0.134 kwh  
 _4AM Sun 13th-Jul-2014___0.626kwh  
  __8PM  Friday 31st-Oct-2014_1.133kwh 
 _9PM  23-Oct-2014____0.292 kwh  
 7AM 18th-Oct-2014___0.814kwh  
  12AM   18th-Jul-2014___0.77kwh 
_1 PM   Monday 4-Aug-2014___0.523 kwh 
  _10AM 11-Feb-2014____0.533  kwh
  _2AM 10th-Feb-2014_0.238 kwh
  __12 PM  Tue 17-Jun-2014__0.801 kwh  
 _5PM   Sat 22nd-Feb-2014____0.918 kwh 
  __7 AM Fri 9-May-2014__0.605 kwh 
 _3PM  Tue 18th-Feb-2014____0.456kwh
  _12PM  03rd-Jun-2014____0.828  kwh
 10PM   Wednesday 2nd-Apr-2014_0.12  kwh
 10PM   Tue 18-Feb-2014__0.60  kwh
 3 AM   Wednesday 24th-Dec-2014___0.205 kwh  
 3 PM Sun 23rd-Mar-2014__0.727kwh
 _4PM   Thu 2-Jan-2014____0.712  kwh 
  11 AM   Friday 26th-Dec-2014_0.462  kwh
  9AM   Fri 25-Jul-2014_0.857  kwh 
 1 AM Sat 12th-Jul-2014____0.864  kwh  
6PM 02-Aug-2014___2.009 kwh 
_12 AM  Fri 11-Jul-2014___0.684 kwh 
 10AM  Fri 18-Jul-2014_0.97 kwh  
  _3AM Sun 11th-May-2014_0.262kwh  
 3 AM  Sun 23-Feb-2014__0.349kwh
  10PM 1-Aug-2014_0.764 kwh
 11AM 2nd-May-2014__0.42kwh
  9 AM  16th-Jun-2014_0.513  kwh 
  __10AM  Sat 19-Apr-2014_0.169 kwh  
 __11PM  Mon 10th-Feb-2014__0.666kwh 
  _10PM 15-Oct-2014___0.252  kwh
_5PM 07-Oct-2014__0.78  kwh
4PM  16-Dec-2014__0.361 kwh
  _10AM  Sun 29-Jun-2014__0.918kwh 
 __10PM  Wed 5-Nov-2014____0.216kwh 
 12PM 18th-Oct-2014___0.385 kwh  
8AM  25-Nov-2014___0.189  kwh  
_4PM  Thu 06th-Feb-2014____0.494 kwh  
  __9 PM  Thu 30-Jan-2014_1.20kwh  
 5AM 05th-May-2014_0.933kwh 
  __9AM   15th-Nov-2014___0.458kwh
  _2 PM  Sat 31-May-2014____0.595kwh  
_4 AM   Fri 22-Aug-2014___0.211kwh  
__10PM   Saturday 1st-Mar-2014___0.294  kwh 
_10 AM  Friday 29th-Aug-2014__0.557 kwh 
  _1AM   Sat 7-Jun-2014___0.475kwh  
10 PM Mon 27-Oct-2014____0.309kwh 
_7AM  10th-Nov-2014___0.478  kwh
_12PM 23rd-Jul-2014__1.128  kwh 
__11AM   17-Sep-2014__0.406  kwh 
  12PM 18-Aug-2014__0.618  kwh
__7PM 27-Nov-2014_0.753 kwh  
_4PM  2-Nov-2014___0.352 kwh
 7PM  01st-Mar-2014____1.584 kwh  
  _5PM Sat 1st-Nov-2014__0.409  kwh  
_5 PM   23rd-Oct-2014___0.655  kwh 
 __9PM 16-Jul-2014__1.238kwh  
  9AM  3-Jan-2014_0.558 kwh 
  _1PM 12th-Sep-2014__0.288 kwh
 _1PM Wed 29th-Jan-2014___0.664kwh  
  3PM   Fri 19th-Sep-2014_0.269kwh
 __7 PM   29-Jun-2014__3.532  kwh
 _10PM  Tue 07-Jan-2014_1.09 kwh 
 12PM  Sun 2nd-Mar-2014__0.422kwh 
 10 PM  13th-Jan-2014__0.99kwh  
__6PM   20th-Feb-2014___1.898  kwh
 __5AM   08-Jul-2014___2.798  kwh  
  3 AM  3-Nov-2014_0.108kwh
 _5AM 18th-Nov-2014__0.416  kwh
__4PM  13th-Oct-2014___0.233 kwh 
  _12PM   Friday 3-Jan-2014__1.16  kwh  
_3PM   Friday 11-Jul-2014___0.768kwh  
 5AM   Sunday 26-Oct-2014___0.162kwh  
  _10AM   Tuesday 02-Dec-2014___0.418  kwh 
 12AM  Fri 10th-Jan-2014___0.72kwh 
 5 AM 26th-Feb-2014____1.307 kwh 
12 AM Fri 25th-Jul-2014_0.662kwh  
  __3AM  Friday 17-Oct-2014__0.142  kwh  
_6AM 10-Aug-2014_1.123kwh 
  _9 PM 17th-Dec-2014__0.686 kwh 
 1PM  17-Mar-2014____0.272  kwh
__1 AM  27-Nov-2014___0.10 kwh 
  _10PM   24th-Feb-2014__0.522 kwh
  __4 AM  Thursday 29th-May-2014_0.178  kwh 
  8AM 02nd-Sep-2014___0.238kwh
  __1AM Fri 10-Oct-2014__0.128kwh  
__9AM Sun 6th-Apr-2014___0.30  kwh
_7PM   Wed 25th-Jun-2014_2.689  kwh
  __4AM Friday 6th-Jun-2014_0.346  kwh 
  10PM   Thu 16-Jan-2014__0.86kwh 
 _12PM  Friday 24-Oct-2014__0.309  kwh
12 PM Sun 10th-Aug-2014___0.583 kwh
__4AM  Thursday 20th-Mar-2014__0.138kwh  
__10 PM   11th-Feb-2014____0.606  kwh  
  __10PM   11th-Aug-2014___0.504kwh  
  __1PM  Tue 2-Dec-2014_0.484  kwh  
  9PM   1st-Mar-2014___0.294  kwh
 2PM Tue 14-Oct-2014____0.257 kwh 
  __7PM   7th-Apr-2014___0.486kwh 
 12AM  21-May-2014_0.211  kwh  
11AM  Monday 26th-May-2014____0.408kwh 
 __7 PM 26-Feb-2014__2.009kwh 
__2PM 01-Sep-2014__0.291 kwh 
  12PM   23rd-Jan-2014__0.95  kwh 
  __9 AM Wed 12-Feb-2014____0.392  kwh  
__1PM   Wed 2nd-Apr-2014_0.137 kwh  
 __6AM  Wednesday 3-Sep-2014__0.79 kwh  
  _2AM Mon 03rd-Nov-2014__0.095kwh  
11AM 21st-May-2014___0.468kwh
 9AM   26-Jan-2014____1.656kwh  
  _6AM Tue 25th-Nov-2014_0.605  kwh 
_5AM  Sun 28-Dec-2014_0.32kwh
  _3PM   Fri 17th-Jan-2014___0.64kwh  
_11PM 12-Dec-2014____1.232kwh  
__2 AM 24th-Feb-2014__0.226 kwh 
 _10PM  Wednesday 12-Feb-2014__0.48kwh
 11 AM 21st-Nov-2014____0.18 kwh  
  9 PM   27-Mar-2014___0.518kwh  
  _2 AM Sun 22nd-Jun-2014____0.643  kwh 
__9 AM Wednesday 19th-Feb-2014____0.396kwh
_9AM 27th-Jul-2014____1.836 kwh  
  _11AM  Tue 01st-Apr-2014_0.134 kwh
  2AM   31st-Oct-2014____0.109 kwh  
12PM   Wed 24-Sep-2014_0.413 kwh  
__11 PM Friday 3rd-Jan-2014____2.02  kwh
 _7PM  23-Dec-2014____1.98  kwh 
_4PM 22nd-Jan-2014__0.896  kwh
 _6AM 27th-Jun-2014_2.138kwh  
 __3AM   19-Feb-2014____0.245kwh
  __10PM Tuesday 19-Aug-2014___0.69 kwh 
8AM  26-Mar-2014____0.339  kwh  
  __8 PM 8-Dec-2014___1.566  kwh  
 3 AM  Fri 16-May-2014_0.16 kwh  
__1 PM  03rd-Jan-2014____0.88kwh  
 6 AM Tue 6th-May-2014_0.922kwh  
 4 AM  09th-Jan-2014____0.424kwh  
9AM  Monday 10-Nov-2014____0.132kwh  
_12AM Tuesday 11-Feb-2014___0.338kwh
__10 AM  5th-Oct-2014___0.36kwh  
 _6PM   Sun 16-Mar-2014_1.642  kwh  
_6AM   Mon 12-May-2014____1.152kwh 
 _12PM   Wed 6th-Aug-2014____0.498 kwh  
7 PM Sunday 14th-Dec-2014__2.039  kwh 
  _12AM Monday 17th-Mar-2014__0.214  kwh
 3AM  Fri 6th-Jun-2014__0.338  kwh 
  6AM 20-Mar-2014____1.142 kwh  
 _8AM   3-May-2014_0.988kwh
  8PM Wed 23rd-Apr-2014____0.403  kwh  
__9PM   11th-Apr-2014_0.097  kwh 
  4PM Thursday 17-Apr-2014___0.12  kwh 
9 PM Thu 2-Jan-2014___1.368kwh 
_5PM  Wed 30th-Apr-2014____0.374 kwh 
 8 PM  Tue 12th-Aug-2014__1.882kwh 
__4PM  Mon 27th-Oct-2014__0.262 kwh 
 _8AM  19th-Feb-2014___0.528 kwh
  9AM Tue 21-Jan-2014__0.576 kwh
  2AM   Sat 11th-Jan-2014__0.48kwh  
  _7 AM   Tuesday 8th-Apr-2014__0.278kwh 
  2AM   Thu 27th-Mar-2014_0.171 kwh  
__4PM 05-Jun-2014_0.67 kwh  
  7 AM   07-Sep-2014___0.907 kwh 
 9AM   19th-Jan-2014___2.142kwh  
  __10 AM  Tuesday 15th-Jul-2014___1.008kwh
11 AM   Mon 24-Feb-2014____0.552  kwh 
  11PM 10th-Sep-2014__0.322 kwh
 __4PM  Wed 12th-Mar-2014__0.272  kwh
  11PM  4th-Mar-2014_0.432 kwh  
  __7 AM   Wednesday 10-Dec-2014___0.901  kwh  
__9 PM  Saturday 13-Dec-2014__0.488 kwh  
  _8PM   Tue 05-Aug-2014___1.882kwh  
 __8PM  Thursday 14th-Aug-2014__1.824  kwh 
8AM   Sat 01-Mar-2014___0.957kwh
 _12 PM 22nd-Nov-2014__0.297 kwh  
9AM Fri 27th-Jun-2014__0.491kwh
  __10PM   12th-Oct-2014___0.339  kwh 
__5 AM  29-Sep-2014___0.678 kwh
_3AM   14-Jun-2014____0.643kwh 
__6PM  21-Jun-2014____3.532kwh  
8AM  8th-Feb-2014___1.763 kwh  
 7 PM 04-Jun-2014__2.657  kwh  
8PM   Wed 26th-Mar-2014____1.05  kwh
 3PM 29th-Oct-2014_0.211 kwh  
 11PM  7th-May-2014____0.376  kwh
__12PM Sat 28-Jun-2014____1.048  kwh  
  _2PM   26-Jan-2014____1.424 kwh 
  4 AM 3rd-Apr-2014__0.071  kwh
  1PM   Tue 25-Nov-2014___0.16  kwh  
  __11 AM  Thu 25-Sep-2014__0.389 kwh
2 AM  Tue 18th-Feb-2014_0.264 kwh 
 __11AM   15-Sep-2014____0.396  kwh  
 1 PM 09-Oct-2014__0.274  kwh 
  9AM 19th-Sep-2014_0.208  kwh 
 5PM 27th-Dec-2014__1.178  kwh 
__3 AM   2-Dec-2014___0.227kwh  
_10PM   Wed 06-Aug-2014___0.63kwh  
__8 AM Wed 12th-Feb-2014___0.47kwh 
  __5AM Sunday 9-Feb-2014__0.36kwh
  __6 AM  31-Aug-2014___0.95kwh  
_5AM   Tue 14th-Jan-2014__2.112kwh  
  __12PM  09-Dec-2014_0.66 kwh
__10PM  13th-Mar-2014___0.344kwh  
 __10PM Sun 23rd-Mar-2014__0.44kwh  
 _6 PM  Thursday 14-Aug-2014____1.798 kwh 
 _9 AM 28-Jan-2014____0.534 kwh
 _8 AM   21st-Sep-2014____0.956kwh 
__4 AM   3-Jul-2014___0.552  kwh
_4AM   27th-May-2014__0.149  kwh 
 5PM   Sun 30-Mar-2014_0.742kwh 
_3AM   22-Sep-2014___0.157 kwh 
12PM   14-Dec-2014____0.653 kwh 
  __2PM   Fri 3rd-Oct-2014___0.257 kwh
 7AM   03-Aug-2014___1.714kwh  
 2PM Wed 30th-Apr-2014____0.11  kwh
 __1PM   14th-Nov-2014____0.193 kwh  
 5AM  21st-Oct-2014___0.541  kwh  
 8AM  28th-Apr-2014__0.10kwh 
 11PM   Fri 12-Sep-2014____0.784 kwh
 _3AM  22-Jun-2014____0.513  kwh 
__10PM   Saturday 9th-Aug-2014__0.418  kwh  
 __6PM 10-May-2014____1.224 kwh 
 8AM  30th-Jan-2014___0.816kwh
7 PM   Sun 6-Apr-2014__0.545  kwh
 __7PM 19-May-2014___1.267  kwh  
 _11AM   11-Oct-2014___0.295  kwh
 __10AM   26-Nov-2014__0.203 kwh
  5 PM Thu 19-Jun-2014___2.808kwh
  _9 PM 02nd-Dec-2014__0.739  kwh
 8AM  Sat 27-Sep-2014__1.074  kwh 
5 PM   9-Apr-2014___0.421  kwh
_1 PM   21st-Sep-2014____0.37kwh 
 12 AM 13th-Jan-2014__0.546kwh 
 2PM  Monday 23rd-Jun-2014____0.605  kwh  
  1 AM Thursday 13-Feb-2014__0.209 kwh
9PM  Sat 26th-Apr-2014___0.107kwh
 __10PM 23rd-Apr-2014_0.131 kwh 
  _5AM  Sat 13th-Sep-2014__0.208  kwh 
__11 PM  27-Jun-2014___1.908 kwh  
5PM  12th-Apr-2014___0.232  kwh 
 _2AM   18th-Aug-2014___0.266  kwh
  _6 PM   Sun 29-Jun-2014___3.143 kwh
 1PM  Mon 11-Aug-2014___0.446  kwh 
3PM  4-Apr-2014___0.132kwh
  __10AM   15th-Jan-2014___0.704kwh 
  8AM   15th-Feb-2014____1.498 kwh  
 _10 PM Monday 10th-Mar-2014____0.448  kwh
  _3AM 17-Jan-2014___0.452  kwh 
 12AM Sat 23-Aug-2014____1.114 kwh 
__4 PM  Thu 11th-Dec-2014_0.405  kwh
6 AM Tue 19-Aug-2014_1.728 kwh 
 _7AM  31-Jul-2014___1.901 kwh  
  __4PM Tue 20th-May-2014_0.291  kwh
_10 PM   24-Nov-2014_0.223 kwh
__8AM  Saturday 19-Jul-2014____3.463  kwh 
3 PM 17-Mar-2014__0.266 kwh 
 _9PM  14-Jan-2014_1.236  kwh  
  5 PM   1-Mar-2014____0.864kwh 
 _10PM  1st-Jul-2014____1.236  kwh  
 __9AM  Thu 10th-Apr-2014___0.093kwh  
 __9PM  03rd-Jun-2014____1.285 kwh
_8 PM   15th-May-2014____1.498 kwh
 _3 PM Mon 22nd-Dec-2014___0.405kwh
 2AM Mon 22nd-Sep-2014_0.154kwh  
 4AM 4-Oct-2014_0.20 kwh 
__4 PM  Tue 10-Jun-2014___0.67  kwh 
 __2AM  29th-Dec-2014_0.235kwh 
 __1AM   Saturday 17-May-2014____0.221kwh
__12AM Tue 23-Sep-2014_0.21 kwh 
  10AM  7-Feb-2014__0.432  kwh  
__10AM   Sunday 10-Aug-2014___0.662 kwh 
9PM Tue 12th-Aug-2014____0.799 kwh 
__12PM   Sat 27th-Sep-2014____0.407 kwh  
  _10PM Wed 24-Dec-2014____0.589 kwh  
  __1AM  19-Jan-2014__0.57  kwh
 7 AM 02nd-Aug-2014_1.31  kwh 
__1 PM  8-Nov-2014___0.278  kwh  
  __12 AM  25-Aug-2014___0.317kwh  
  __3AM   Wed 5-Nov-2014__0.076  kwh 
 __8AM Thursday 9-Oct-2014___0.221 kwh 
__4 AM Friday 19-Dec-2014__0.255 kwh 
 __2PM  Friday 09th-May-2014____0.272 kwh
  12PM 16th-Jul-2014_1.08 kwh  
  _5AM   2-Nov-2014___0.14kwh  
 10PM  16-Feb-2014__0.678 kwh  
 _4PM  23-May-2014__0.336 kwh  
_4PM  Monday 12th-May-2014_0.275 kwh  
11PM  Mon 12-May-2014__0.372 kwh
  _11PM Thursday 04-Dec-2014_0.66 kwh
 __5AM   Sat 26-Jul-2014____0.842kwh 
_10AM  Thu 25-Dec-2014___0.51 kwh 
 8 PM  23rd-Feb-2014_2.052kwh 
__1AM   Wednesday 12th-Mar-2014___0.158 kwh 
  1PM 8th-Dec-2014_0.418  kwh  
  _6PM  Sun 27th-Jul-2014__5.054kwh  
  _3AM  11th-Oct-2014__0.185  kwh
1PM 24th-Nov-2014___0.162kwh 
 __6PM  21st-Aug-2014_1.714  kwh  
  _5 PM  Fri 10-Oct-2014___0.796 kwh  
9AM  Sun 05-Oct-2014____0.637  kwh  
 11 PM  28th-Nov-2014____0.495  kwh  
 7PM   15th-Apr-2014__0.535kwh  
 _1 AM 14-Oct-2014___0.144kwh
 __5 AM   Wed 05-Mar-2014___0.88 kwh  
 __1PM Saturday 22-Feb-2014__0.72  kwh  
  __4PM   Sat 23-Aug-2014____1.112kwh  
  8 AM  5th-Oct-2014____0.913kwh  
  _2PM   Tue 28th-Jan-2014____0.92  kwh  
 6AM 14th-Nov-2014____0.502 kwh 
  6 PM   27-May-2014__0.986kwh  
_9PM 14th-Feb-2014_0.475 kwh  
 _10PM Saturday 18th-Jan-2014___0.952kwh
 _7 AM 17-Mar-2014____0.799  kwh 
  4PM  Fri 20-Jun-2014___0.598kwh 
_1PM  Tuesday 25-Mar-2014__0.336kwh 
_11 PM  25-Jan-2014__2.20  kwh
  5PM   8th-Jan-2014__2.808kwh  
  4PM  4-Jun-2014_0.77 kwh
__5 PM  Wed 9-Jul-2014____2.964  kwh
  __11PM   Saturday 15-Nov-2014_0.387 kwh
  10PM  Thu 18-Sep-2014__0.368  kwh  
  2PM   6th-Oct-2014____0.211kwh
1PM  14-Jan-2014_0.824kwh 
 12 PM  Wed 08th-Jan-2014_1.10 kwh 
 _12AM  19-Sep-2014____0.183  kwh  
 __9 PM  Monday 1-Dec-2014__0.64 kwh  
  _6AM  Wed 9-Jul-2014__2.563kwh  
_5AM  22-Oct-2014_0.587 kwh 
  10 AM  Thursday 14-Aug-2014_0.514 kwh  
9PM  24th-Mar-2014___0.562 kwh  
  __10 PM   27th-Jul-2014_1.344 kwh 
_4PM 22-May-2014___0.371 kwh 
_1PM   Sunday 16th-Nov-2014____0.267 kwh 
  5AM   13-May-2014____0.968  kwh
 _5 AM  07th-Jan-2014___2.596kwh  
  10PM   Sat 26th-Jul-2014__1.152kwh  
 11 PM   Sun 13-Jul-2014____1.296 kwh 
__10AM   Thu 27th-Nov-2014____0.18kwh  
3PM  Monday 3-Mar-2014__0.378  kwh
 __8 AM   13-Apr-2014__0.425 kwh 
  8AM 13th-Jul-2014_2.839  kwh  
  _8PM  Tuesday 14th-Jan-2014____3.264kwh
__10PM Monday 29-Dec-2014___0.523 kwh  
__6AM  Friday 3rd-Jan-2014____2.112 kwh 
_9 PM Sunday 12-Oct-2014____0.349  kwh
  12 PM  25-Jul-2014____1.368 kwh  
 __3AM   20th-Feb-2014____0.266 kwh 
4 AM Sunday 9th-Feb-2014____0.421 kwh  
4PM Thu 31st-Jul-2014_0.874kwh
__4PM 15-Jan-2014_0.712 kwh  
  6 PM   29th-May-2014____1.142 kwh  
_9AM   Sunday 16th-Mar-2014___0.763kwh
 __9 AM  Sunday 4-May-2014___0.698kwh 
  _11AM Wed 19-Mar-2014____0.452  kwh  
5AM   Sunday 21-Dec-2014____0.264kwh
_11PM   22nd-Oct-2014__0.264 kwh
__2 PM 26-Oct-2014__0.451kwh 
__8 PM 03rd-Aug-2014_1.901kwh 
__2 PM  Thursday 4th-Sep-2014__0.232 kwh
  5 AM 23-Dec-2014___0.968 kwh  
__1 PM  05-Aug-2014___0.542kwh  
__12PM 5-Mar-2014_0.452 kwh
  __5AM  25th-Oct-2014___0.166kwh 
_11AM   26-Sep-2014__0.298 kwh 
3AM   Sat 9-Aug-2014_0.299 kwh  
  _5AM   25-Nov-2014_0.579kwh 
__6PM  Tue 7th-Jan-2014__2.604  kwh  
_8AM   Thu 27th-Feb-2014_0.571  kwh 
  3PM   Thu 26-Jun-2014___0.706kwh  
 __8AM   Mon 20-Jan-2014_0.96kwh
3PM  18-Oct-2014_0.616  kwh  
2AM Sat 20-Dec-2014__0.29 kwh 
  _12AM  18-Dec-2014___0.386 kwh 
  8 AM 19-Mar-2014__0.288 kwh 
  _4AM 23rd-Apr-2014_0.064 kwh 
__1AM  Tue 18-Feb-2014____0.264  kwh
_11 AM   Tue 16-Sep-2014____0.319 kwh
  __2 AM  11th-Mar-2014____0.158kwh  
  _1 PM 26th-Aug-2014_0.566kwh
 __1 PM 15th-Nov-2014____0.316kwh 
  _10PM  28-Oct-2014___0.243 kwh  
__3PM   Mon 7-Apr-2014_0.119kwh 
 __8AM   Sat 22-Feb-2014__1.42 kwh  
  _11 AM  10-Oct-2014____0.291 kwh  
10 PM  11th-Nov-2014__0.268  kwh
  _11 AM  26-Jun-2014__1.026  kwh
2AM  Sat 8th-Nov-2014_0.146kwh 
 _3 PM   2nd-Jan-2014___0.896  kwh  
__3PM 16th-Dec-2014___0.427 kwh  
 __4AM   Tuesday 18-Nov-2014____0.095kwh 
  __9AM  1st-Dec-2014____0.30 kwh
 _3PM  28th-Dec-2014___1.049 kwh  
 __1AM 27-Jan-2014____0.448  kwh 
  _10 AM 21-Aug-2014__0.509 kwh  
  5AM  26-Jun-2014_1.723kwh
1PM 26-Apr-2014_0.189kwh
_5 PM   Thu 28th-Aug-2014_1.404kwh  
_4PM   Monday 10-Feb-2014____0.437 kwh 
 _4PM   1-Oct-2014__0.242kwh 
3AM   Thu 9-Jan-2014__0.424  kwh
  _3AM 12th-May-2014__0.154 kwh
 9 PM  16th-Jan-2014_1.092 kwh  
_6PM 9th-Mar-2014__1.699  kwh
_5AM  Friday 28-Feb-2014__1.478  kwh 
_3PM  30-Sep-2014_0.333kwh 
  7AM Tue 14-Oct-2014___0.475kwh
__9 AM  20-Nov-2014____0.122 kwh  
_12PM   16-Oct-2014___0.279kwh 
  __1AM Wednesday 31st-Dec-2014___0.222kwh 
4AM   Sat 12th-Jul-2014_0.655  kwh
  12PM  Tue 27th-May-2014__0.38 kwh  
_7 PM  24th-Oct-2014__0.972  kwh  
 __7 AM   14th-May-2014____0.785  kwh
  __2PM 26th-Apr-2014___0.221  kwh 
__3PM 17th-Dec-2014___0.524 kwh 
 7PM   21-Mar-2014____1.238  kwh
__6PM   Thu 6th-Mar-2014__0.896kwh  
 _11AM Saturday 24th-May-2014_0.413 kwh  
  __10AM   Mon 8-Dec-2014_0.449 kwh
 __2PM   Wed 30-Jul-2014____0.989 kwh  
_12 PM Sunday 13-Apr-2014__0.194 kwh 
 8AM 5th-Mar-2014____0.278  kwh  
  _4 AM   25-Jun-2014_0.32  kwh  
__8PM Saturday 8-Mar-2014____1.339 kwh
 10 PM   31-Aug-2014____0.66  kwh 
 _11PM   Wed 17-Sep-2014____0.382 kwh  
  __5 AM Fri 10th-Jan-2014___2.398  kwh
 4AM  25th-Aug-2014__0.228kwh 
  __7AM   20th-Dec-2014_1.531kwh
_12AM   Tue 30th-Sep-2014____0.172 kwh  
 _7PM   Sunday 13-Apr-2014___0.518kwh  
__5AM Mon 13-Jan-2014___2.20  kwh  
10AM Fri 23-May-2014___0.291kwh 
  _4AM 21st-Apr-2014____0.067  kwh
_8 PM 31st-Mar-2014__1.357 kwh
8 PM Mon 03-Feb-2014_1.978kwh 
7AM Fri 2-May-2014__0.583  kwh 
  __3 PM  27-Nov-2014___0.205 kwh  
__10AM  Sunday 15th-Jun-2014___1.199 kwh  
  8AM  Tue 11th-Feb-2014__0.418  kwh 
  8PM Saturday 11-Oct-2014_1.231kwh 
  _10PM  30-Jun-2014___1.035kwh 
 __1 AM 12-Dec-2014___0.222kwh  
_1 AM  24th-Mar-2014___0.134  kwh
__2AM 6th-Feb-2014_0.214  kwh  
 1AM   Sun 22nd-Jun-2014____0.47kwh  
6PM 5th-Jan-2014__2.952 kwh
  10AM Tue 28-Oct-2014____0.233  kwh 
 _6PM   22nd-Jul-2014__3.394kwh  
 _4 AM  25th-Nov-2014_0.083  kwh  
 9 AM   Thu 28th-Aug-2014___0.342kwh
  _10 PM Wed 1st-Oct-2014___0.357kwh 
__5PM  27-Mar-2014___0.926  kwh  
  _1 AM 6-Feb-2014_0.214 kwh
 __3 PM  Sat 22nd-Feb-2014__0.896 kwh
  _1PM Sun 12-Oct-2014_0.36kwh  
_6 PM  Thu 15th-May-2014____1.064  kwh
  _3AM   Thursday 17th-Jul-2014__0.437  kwh
  __2 AM Tuesday 4th-Nov-2014___0.104 kwh 
 __9PM   Fri 26-Dec-2014___0.414kwh
__11AM 10-Nov-2014___0.27 kwh
__4AM  Fri 21st-Feb-2014____0.226kwh  
 __1 AM   24-Nov-2014_0.09  kwh  
  11AM  10-May-2014____0.47kwh
 6 AM 01st-Jul-2014__3.312kwh  
_7PM  Mon 16th-Jun-2014___3.758kwh
  _5 AM  Thu 04th-Dec-2014_1.222kwh  
10PM  Sun 25-May-2014__0.36 kwh
  _7AM   Saturday 26th-Jul-2014___3.082kwh
11AM  05th-May-2014____0.424kwh  
 2 PM  28-Feb-2014_0.47  kwh
 __2 PM Thu 18th-Sep-2014___0.258 kwh 
9 AM   11-Nov-2014____0.147 kwh 
 __3PM   15-Aug-2014_0.523  kwh 
 4PM  11th-Jul-2014___0.806  kwh  
  _6PM   12th-Jan-2014___4.176  kwh
 _12PM  Sat 9th-Aug-2014___0.698  kwh 
  __4PM  Thu 06-Nov-2014__0.149  kwh
 3 PM   26-May-2014___0.346  kwh 
  __8AM  Friday 25-Jul-2014_1.066kwh 
  2PM 10th-Mar-2014____0.358 kwh 
  7AM  12th-Mar-2014____0.742 kwh  
  __7 PM   Monday 25-Aug-2014___2.182  kwh
  __8PM   Mon 01-Dec-2014_1.707 kwh
  3AM  23rd-Oct-2014___0.113 kwh  
6PM   28th-Mar-2014___1.086 kwh
 __2AM  Sat 12th-Apr-2014_0.088  kwh 
 10AM  29th-Jan-2014____0.92  kwh  
 4PM   Friday 08-Aug-2014_0.461 kwh 
  __4 PM  16th-May-2014___0.278kwh 
 _12 PM 6th-Feb-2014__0.684  kwh 
__1AM  20-Nov-2014__0.10  kwh 
 __4PM  Sat 1st-Nov-2014____0.446  kwh 
 __9 PM Sun 9-Feb-2014__0.612kwh 
  __10 AM   20-Jun-2014____0.821kwh 
 _5AM   Monday 08th-Dec-2014___1.101 kwh 
__3PM 24-Feb-2014____0.523  kwh 
 __1 AM 23-Oct-2014____0.124  kwh  
_8AM Tue 25-Mar-2014__0.333 kwh
 _8AM 29-Jul-2014_0.941 kwh  
  5 PM 14th-Jul-2014__3.526kwh  
  1 AM   30th-Sep-2014____0.125kwh  
  11 AM  06-Apr-2014____0.187kwh  
 __6AM Fri 24th-Oct-2014___0.655 kwh  
 __10PM Monday 16th-Jun-2014___0.954 kwh 
12AM   Sun 25-May-2014__0.608 kwh 
3PM   Thu 11th-Dec-2014_0.40 kwh
 _10 AM 07th-Sep-2014_0.374 kwh  
  __7PM  Fri 30-May-2014__1.512 kwh 
 _1 PM   11-Apr-2014__0.142  kwh
_3PM  7th-May-2014____0.31 kwh
 2AM   Wednesday 26-Mar-2014____0.13  kwh
  _11 AM   30-Jul-2014____0.96  kwh
2 AM Sat 21-Jun-2014_0.448kwh
__7AM 26th-Aug-2014_1.156  kwh
  _8 PM 19-Nov-2014_0.742  kwh
_1PM  Wednesday 30-Jul-2014___0.816  kwh
  __12 AM  Thu 06th-Nov-2014_0.12  kwh
 _7AM  Sunday 22-Jun-2014___2.462  kwh 
__11PM  25-Jul-2014__2.784kwh  
 __4PM  Tue 1-Apr-2014____0.13kwh  
  _12 AM   Sunday 17-Aug-2014___1.085  kwh
5AM  Tue 15-Apr-2014___0.347 kwh  
  __4AM Saturday 15-Feb-2014____0.313kwh 
_10 PM Tue 25-Feb-2014___0.492kwh  
 6AM Friday 2-May-2014_0.97 kwh
  1 PM   4-Mar-2014____0.262  kwh 
  7PM   Friday 7th-Mar-2014__1.238  kwh 
  2PM   29-Apr-2014__0.132  kwh 
  __4 AM   Sat 25-Oct-2014____0.214  kwh
  3AM   12th-Nov-2014__0.097 kwh 
2PM Wednesday 7th-May-2014_0.368 kwh 
__1 PM Sunday 22-Jun-2014____1.123kwh  
__4 AM 3-Sep-2014___0.141 kwh  
  __7AM   Sat 18th-Jan-2014___2.664kwh 
  _11PM   Sun 08th-Jun-2014_0.927kwh 
6PM 02nd-Mar-2014____1.728  kwh
  _11 AM 19-Jun-2014____1.035kwh 
 _4PM  Tue 30-Dec-2014____0.431  kwh 
  _7 PM  Saturday 08th-Mar-2014____1.354 kwh  
 __8AM   26th-Jun-2014_0.799kwh 
8PM  07-Sep-2014__1.147kwh  
  __4PM 15-Sep-2014____0.297  kwh
  __11 PM   07-Sep-2014_0.308  kwh
 6PM   Wed 19-Feb-2014____1.613 kwh  
  5 AM Sun 10-Aug-2014__0.353kwh 
  _4 PM 15-Nov-2014__0.409  kwh
__9 AM  Thursday 03rd-Apr-2014__0.083 kwh  
  3AM   5th-Dec-2014___0.198kwh 
__12 AM Sunday 23rd-Feb-2014____0.922  kwh
_5AM  15-Dec-2014____1.004 kwh
 __10PM  21st-May-2014___0.376kwh 
 _12AM   21st-Mar-2014_0.283kwh 
  _1AM  18th-Apr-2014_0.053  kwh
__10 AM  15-Apr-2014_0.14 kwh
 1 AM   Sun 27th-Apr-2014____0.105kwh 
 _10 PM 1st-Jun-2014___1.071 kwh 
  6 AM   14th-Aug-2014___1.526  kwh  
 __6 AM Sun 18th-May-2014__0.557 kwh
  10AM Mon 10-Mar-2014__0.269  kwh 
  12 PM   Mon 17th-Feb-2014____0.486kwh
 _4PM   24-Apr-2014__0.131 kwh 
_11 PM  Monday 21-Jul-2014__1.224  kwh
  1PM Tue 14th-Oct-2014_0.266kwh  
 __3 PM 26th-Aug-2014__0.432 kwh  
 __9AM 18-Nov-2014__0.154  kwh  
 __10AM  26-Mar-2014___0.349  kwh 
_8PM   Tue 17th-Jun-2014____2.419 kwh
__5AM   11th-Sep-2014___0.716  kwh  
 _3 AM Sat 31-May-2014__0.209  kwh
  5AM   11th-Oct-2014____0.209 kwh
  _6 PM  19-Jul-2014___5.054 kwh  
 __11AM   Friday 18th-Jul-2014__1.212  kwh  
  _5 PM Thursday 10-Apr-2014_0.382 kwh
7PM  Sunday 16-Feb-2014____1.793 kwh  
  _11PM  Thu 23-Oct-2014____0.285 kwh  
 __7 AM 7th-Jun-2014___2.311 kwh  
_11 AM   2nd-Jul-2014_0.984 kwh 
 __12 AM   05th-Nov-2014__0.157  kwh  
__10 AM 12-May-2014_0.275kwh  
  11AM Tue 8-Jul-2014_1.14 kwh
  _2 PM Fri 1st-Aug-2014____0.49kwh  
__4PM  Thursday 23-Oct-2014____0.288kwh
  __7 AM  Wed 09-Jul-2014___2.506 kwh  
__5 PM   Fri 03-Jan-2014__3.068 kwh 
  _2 PM Fri 18th-Jul-2014__0.806kwh 
_2 PM   15th-May-2014__0.301 kwh 
  __9 PM Thursday 27th-Feb-2014____0.785 kwh
_7AM 29th-May-2014_0.67 kwh  
_1PM   Wed 07-May-2014_0.282kwh  
3 PM 31-Jan-2014___0.648 kwh
 _11PM   28-Aug-2014__0.678 kwh  
  __9AM Thu 6-Nov-2014___0.126kwh 
 __12 AM  Friday 9-May-2014_0.206  kwh  
 4AM   11th-Sep-2014___0.129kwh  
  _12AM  Wed 12-Feb-2014___0.32  kwh 
  __7PM  25-Jul-2014_4.925  kwh 
 4 PM   18-Jul-2014____1.056  kwh  
__12PM   Sun 26-Oct-2014_0.41  kwh
  _12 PM   22-Oct-2014__0.315  kwh 
2 AM   Tuesday 28th-Oct-2014__0.12kwh  
__5 AM  21-Aug-2014_1.518kwh
  _12PM   Sunday 21st-Sep-2014_0.47  kwh  
 8AM   7-Jul-2014____1.056  kwh
 _4 AM Fri 24th-Jan-2014____0.444 kwh  
  __2AM   Mon 08-Dec-2014__0.218 kwh
 _3PM  3rd-Nov-2014___0.193kwh
__12PM   Tue 16th-Dec-2014_0.446kwh
 __5 PM  Mon 8-Dec-2014_1.459  kwh 
4PM   6-May-2014____0.33  kwh 
12AM Thursday 05-Jun-2014_0.481kwh 
_6PM Tue 28th-Oct-2014___0.756  kwh 
  __2 AM  09th-Aug-2014__0.306 kwh
  4 PM  27-Feb-2014___0.403kwh  
  __6AM Thu 11-Dec-2014___1.492kwh 
  _5PM   Sat 29th-Mar-2014___0.67 kwh 
  _3PM Saturday 10th-May-2014_0.662  kwh 
  __11AM  19th-Nov-2014__0.227 kwh  
 __7AM 2nd-Jul-2014_2.03 kwh
 _6 PM  Wednesday 30-Jul-2014__3.998 kwh 
  _8PM   Tue 21-Oct-2014_0.797kwh  
10 AM Thu 5th-Jun-2014_0.583  kwh  
 _9PM 20th-Jul-2014____1.325kwh 
  3AM  15-Apr-2014__0.069kwh 
  _6 PM 18th-May-2014___1.368 kwh 
_7 PM   16th-Sep-2014___1.436kwh  
  _4AM  Thu 22nd-May-2014____0.19 kwh
  __9 PM   Tue 02-Sep-2014_0.433 kwh  
  2PM 11-Feb-2014___0.523  kwh 
_1 AM  Wed 15-Oct-2014___0.102 kwh
 __2PM   15th-Mar-2014__0.672 kwh  
  _1PM  9th-Jul-2014____0.893 kwh
 _9PM Mon 2-Jun-2014___0.994 kwh 
  3 AM Thu 18th-Dec-2014____0.238  kwh
_8AM  14-Mar-2014____0.352kwh
 __12 PM   Monday 22nd-Dec-2014___0.512  kwh
 _3AM  5-Mar-2014___0.165  kwh
__10AM 9th-Nov-2014__0.216  kwh 
  4 PM   Sat 19-Apr-2014__0.324  kwh  
  _3PM  Fri 22-Aug-2014____0.451 kwh  
__9 PM Thursday 13-Mar-2014___0.485kwh  
__3 PM   22-Jul-2014___1.027kwh 
_4 PM   Thu 7th-Aug-2014____0.466kwh 
 _11PM  Tue 23-Sep-2014__0.28kwh 
  7AM 8-Jan-2014_1.512 kwh  
  7 AM  11th-Dec-2014_0.98kwh
__2AM   Monday 14th-Apr-2014___0.049kwh
 2 PM  17th-Oct-2014___0.247 kwh  
  __2AM  Fri 17-Jan-2014_0.356 kwh 
  _6AM 24-Jun-2014____1.966kwh 
_3 AM Monday 6th-Jan-2014_0.468  kwh 
 11PM  Friday 8th-Aug-2014__1.392  kwh  
__10 PM 23rd-Dec-2014____0.44kwh  
 8PM   26-Oct-2014____1.156 kwh  
_11 PM   9-Feb-2014___0.516kwh 
 _5PM Sun 1st-Jun-2014___1.571kwh  
  11PM   11th-Dec-2014___0.49  kwh 
 2 AM  9th-Mar-2014____0.23 kwh 
 _8PM Mon 4th-Aug-2014___1.978  kwh
  _8AM   10th-Sep-2014_0.252  kwh
__7 AM Wed 8th-Oct-2014__0.589 kwh  
__10AM  Wed 15th-Oct-2014_0.288 kwh
 __10AM   Mon 29th-Dec-2014___0.356  kwh 
 _12AM   Tue 16th-Sep-2014__0.246kwh 
8 AM Wed 28th-May-2014__0.278  kwh  
__2PM Thursday 9th-Jan-2014___0.80kwh  
_10PM  Mon 7th-Apr-2014_0.15kwh
_10PM  14-Mar-2014_0.599kwh 
 __1AM 29th-Jan-2014___0.424 kwh  
  __8 PM   Sat 17-May-2014__1.584 kwh  
_6AM Sun 23-Mar-2014___0.64kwh
  __12AM  Friday 28th-Nov-2014_0.139 kwh
  _3PM   23rd-Aug-2014__1.058 kwh
 2AM   27th-Oct-2014__0.104 kwh  
  __11 AM 29th-Jan-2014_0.89 kwh
 __10 AM 21st-Mar-2014_0.272kwh  
 10PM  08-Nov-2014___0.149 kwh  
 4AM Thu 30-Jan-2014__0.416  kwh 
  __2AM   Thursday 5th-Jun-2014____0.41 kwh 
  12AM  Sunday 6th-Apr-2014___0.206 kwh 
  2 PM   5-May-2014_0.266  kwh 
_6 AM 6th-Mar-2014_1.027  kwh 
6AM   Fri 26-Dec-2014____1.544kwh 
 _6 PM   02-Feb-2014_1.987 kwh 
11AM   Mon 3-Feb-2014__0.588 kwh
6 AM   Wed 5th-Nov-2014__0.497 kwh  
 _7AM Wednesday 26-Mar-2014____0.598kwh 
 _10PM  Sat 21st-Jun-2014____0.85 kwh 
 _7PM Mon 11th-Aug-2014___1.944  kwh
  7AM Wednesday 10th-Sep-2014___0.592  kwh
__3 AM  Wed 18th-Jun-2014____0.353kwh
  _6AM   Thu 6th-Nov-2014__0.589  kwh 
__12AM 28-Mar-2014___0.24  kwh  
 __7AM  01st-Nov-2014____0.437  kwh  
_7PM 17-May-2014____1.642  kwh 
 11PM   Thu 27th-Nov-2014___0.216kwh  
_9PM  Mon 24-Feb-2014____0.727 kwh  
 _12AM 29th-Dec-2014____0.32 kwh  
 5AM   Tue 02-Dec-2014_1.016  kwh  
__1PM   2nd-Jul-2014___0.826 kwh  
_8 PM   Sun 27th-Jul-2014____5.141  kwh  
 __2PM  25th-May-2014__0.531 kwh
 __11PM   Wed 26-Mar-2014____0.36kwh 
 _4 PM   Thu 25th-Dec-2014__0.488  kwh  
 _9PM   Wednesday 28th-May-2014____0.538 kwh  
 __6AM 22nd-Jan-2014_2.208  kwh
__12 PM 25-Nov-2014__0.252 kwh 
 _5 AM   12-Sep-2014___0.685  kwh 
  _2PM   Sun 23-Nov-2014___0.414kwh
_4 PM   Fri 17-Jan-2014__0.872  kwh  
 __2AM  Mon 22nd-Dec-2014__0.24kwh 
10AM  Wednesday 19th-Mar-2014___0.342kwh
 _9PM   27-Jun-2014___0.72 kwh  
_11 PM   21-Oct-2014___0.321  kwh  
  _7PM   Friday 31st-Oct-2014____1.004  kwh
  _1AM  Wed 30th-Jul-2014__0.538 kwh
  __5 AM   Thursday 13th-Mar-2014_1.047 kwh  
 11AM   Sat 7-Jun-2014__0.983  kwh
  _8 AM   24th-May-2014___0.832 kwh
_3 AM   Mon 17th-Feb-2014___0.266kwh  
8AM Tuesday 14th-Jan-2014__0.832kwh 
 __1PM 3-Mar-2014_0.314  kwh  
 4AM  Sat 22nd-Mar-2014__0.204kwh 
 __1PM Tuesday 29th-Apr-2014___0.127kwh
 3AM   Fri 15th-Aug-2014__0.262kwh 
 9PM   29-Dec-2014____0.733 kwh
10PM 4-Oct-2014___0.286 kwh  
  __1 AM   24th-Jun-2014_0.346  kwh 
  __6PM   Wed 31st-Dec-2014____1.448kwh 
8AM   07th-Oct-2014___0.23  kwh  
  _12 AM 21st-Sep-2014___0.515  kwh
  __1AM 11-Dec-2014_0.24 kwh
_10 AM  Wed 27-Aug-2014____0.427  kwh  
 __11PM   Sunday 23rd-Nov-2014_0.259  kwh
__12PM   Tue 15-Apr-2014____0.153kwh  
_8 PM  Wed 26-Nov-2014___0.842kwh
  __12PM   11th-Jan-2014___1.404kwh  
  _6PM   9-Jun-2014__2.52kwh
11AM   Sunday 25-May-2014__0.408kwh  
 __4AM  Mon 27th-Jan-2014____0.392 kwh
 6PM Friday 5-Dec-2014____1.586kwh  
 __1 AM   24-Feb-2014__0.214  kwh  
 7 PM   Sat 26th-Apr-2014___0.632  kwh
9AM  10-Dec-2014____0.333kwh
__10AM  6-Mar-2014____0.368kwh
  _2AM Mon 23-Jun-2014___0.374kwh  
  __2AM  Friday 05-Dec-2014____0.213 kwh  
_6AM   Thursday 1st-May-2014_1.114 kwh 
__4AM   Tue 15-Jul-2014_0.418 kwh 
  __11AM Monday 14th-Apr-2014_0.141kwh
  10 PM   Wed 26-Feb-2014____0.564kwh 
12PM  19th-Jun-2014_0.828  kwh 
  _4AM Sun 2nd-Mar-2014_0.278  kwh  
9PM  Sat 12th-Jul-2014__0.883  kwh  
_5PM 3rd-Jun-2014___2.106kwh 
__12AM Mon 6th-Jan-2014____0.486 kwh 
  __2AM  24th-Dec-2014__0.249 kwh  
  __4PM   Sun 26th-Jan-2014__1.782  kwh  
  8PM  7th-Oct-2014___1.027kwh 
5PM 02-Oct-2014__0.632 kwh  
5 PM   27-Sep-2014_0.725  kwh
 _6AM  Saturday 21st-Jun-2014___1.181kwh 
  1PM   03rd-May-2014__0.394 kwh
 _5PM  Fri 3rd-Oct-2014___0.624 kwh 
_8 PM Wednesday 12-Mar-2014__1.101kwh
 _1 AM Saturday 01-Mar-2014__0.233 kwh  
  12PM  2-Sep-2014_0.28kwh
_11AM Sat 15th-Feb-2014____0.634kwh  
  2AM   17th-Oct-2014___0.132  kwh 
  _5PM Sat 21-Jun-2014____1.588  kwh
  1 PM  Wed 15-Jan-2014___0.648  kwh 
 10PM   21st-Mar-2014___0.633kwh 
 __3PM  10th-Mar-2014___0.355 kwh  
  _10 AM 15-Feb-2014___0.713  kwh
  _1PM  20-Feb-2014_0.418 kwh  
  __8AM Sunday 28-Dec-2014__1.487kwh 
  8 PM  Sun 08-Jun-2014_3.823kwh 
__12 PM Fri 13th-Jun-2014___0.792kwh
4AM Thursday 25th-Sep-2014___0.113 kwh
  __5 PM  14th-Mar-2014___0.905kwh
  __6PM  Wednesday 10-Dec-2014_1.54kwh 
  _11PM 12-Aug-2014_0.486kwh  
  _9AM 2-Apr-2014_0.103 kwh 
__1PM   20th-May-2014____0.358  kwh
  __10 PM 23-Aug-2014__0.437  kwh
7 PM  Thursday 4th-Sep-2014_1.31  kwh
  _7AM   Wed 05-Mar-2014___0.864  kwh
  _8PM Tue 30-Dec-2014____1.866  kwh  
_9 AM   31-Dec-2014__0.32 kwh 
  _5 AM 25th-Jun-2014__1.782kwh  
 __3AM   12th-Dec-2014___0.18 kwh 
__9AM   Saturday 12-Jul-2014__2.203 kwh  
  7 AM 24th-Nov-2014__0.373  kwh 
 9 PM Wed 21st-May-2014____0.442 kwh 
 5 PM 25-May-2014_0.842 kwh
 _11AM  25th-Oct-2014____0.364  kwh 
  _2 PM Tue 10-Jun-2014__0.864kwh 
 _9 AM   Monday 23-Jun-2014___0.632 kwh 
__11 PM 18-May-2014___0.432kwh
7PM Tue 02-Sep-2014___1.512kwh 
 _9PM   Tue 15-Jul-2014_1.67 kwh 
 __10PM Tuesday 13-May-2014_0.384 kwh  
 _9 AM Sun 25th-May-2014__0.684  kwh 
  2PM   17-Aug-2014____0.845 kwh  
 9 PM 1-Sep-2014_0.47  kwh 
 _11PM  21st-May-2014_0.428 kwh 
 __1 AM 04-Mar-2014_0.133  kwh
  _3 AM  Monday 7th-Apr-2014_0.07  kwh 
11AM  27th-Sep-2014_0.47  kwh  
__2PM 2-Feb-2014__0.96kwh  
 8PM   09th-Feb-2014___2.462kwh
 _6PM 2-Oct-2014____0.966  kwh 
8PM 09th-Aug-2014___2.182  kwh 
  8PM   Mon 05th-May-2014____1.536 kwh 
__7 AM  15th-Jan-2014___1.656 kwh
  __12PM   Sat 19th-Apr-2014__0.207  kwh
2AM Sat 11-Oct-2014____0.171  kwh 
_6 AM  Sunday 27-Apr-2014_0.218  kwh 
3 PM Thu 8th-May-2014_0.349 kwh 
 __1 AM Tue 30-Dec-2014__0.251kwh
  __7 PM  Thu 05-Jun-2014__3.856kwh  
8PM   15th-Dec-2014__2.094kwh 
_1AM Sun 9th-Mar-2014___0.274  kwh  
11 AM  Thu 06-Feb-2014__0.51 kwh  
__11PM Sat 27th-Dec-2014__1.243 kwh
 4 PM  Tue 3rd-Jun-2014___0.605 kwh 
 _5 AM  12-Jan-2014_0.504 kwh 
9 PM   Fri 4th-Apr-2014___0.097kwh  
__2AM Friday 14th-Nov-2014__0.102  kwh  
_6PM Wed 28-May-2014_1.03kwh 
  _10AM  30th-Apr-2014___0.14 kwh
  _9 AM  Sunday 12th-Oct-2014_0.502  kwh
6 AM   Sun 30th-Nov-2014__0.389  kwh  
 8AM Thu 16th-Jan-2014____0.704 kwh 
  10PM Mon 10-Feb-2014__0.606kwh
  12AM  28th-May-2014___0.283kwh 
  10 PM   Monday 12th-May-2014____0.376kwh  
3PM   Tuesday 28th-Jan-2014____0.672 kwh  
10 AM   Thu 16-Jan-2014___0.832  kwh
  __1AM   Mon 27-Oct-2014____0.096kwh 
  _5AM 22-Apr-2014___0.297kwh 
 __8 PM 18-Nov-2014_0.806  kwh
  __5AM Wed 15-Oct-2014___0.541 kwh
 _4AM 3rd-Jan-2014___0.416  kwh
 11 PM   Tuesday 14-Oct-2014___0.264  kwh
 11AM  28th-Sep-2014____0.496 kwh  
_3 PM   Sat 22nd-Mar-2014___0.828kwh
  _1PM  Sat 25-Oct-2014____0.313  kwh 
_5AM  Mon 12th-May-2014_0.942kwh  
  1AM Tue 25-Nov-2014_0.095kwh  
_8AM   25th-May-2014_1.175 kwh  
  __9 PM 7-Jun-2014___0.662  kwh 
 __2AM  16th-Feb-2014___0.425  kwh  
 _1PM   Sunday 24th-Aug-2014__0.583  kwh  
11 AM Tue 11th-Feb-2014_0.57  kwh  
 5 PM  10-Jan-2014_2.964kwh 
  __1PM   Thu 6th-Nov-2014_0.162 kwh 
 _6AM   25-May-2014_0.512 kwh
 __6PM Sunday 6th-Apr-2014__0.637  kwh
 __6PM Tue 29-Apr-2014____0.416  kwh
_12PM   Thu 14-Aug-2014___0.594kwh  
_12PM   Tuesday 8th-Apr-2014____0.132 kwh 
  __9AM   Wed 09-Jul-2014___0.864 kwh  
  11PM  27th-Sep-2014__0.658 kwh
  9PM 11th-Nov-2014____0.278  kwh
 _4PM 24th-Jan-2014____0.64  kwh
_2PM  24th-Apr-2014___0.108kwh
 12PM  20th-Jan-2014____0.86 kwh  
 7AM   Tuesday 18th-Nov-2014__0.421  kwh  
 __8AM 28th-Feb-2014____0.413  kwh
 _5 AM  30-Aug-2014____0.338  kwh
 __10 PM  14th-May-2014_0.408 kwh  
 __2AM 1st-Oct-2014____0.116 kwh 
 __4PM   Wed 29-Jan-2014_0.76  kwh 
_12 PM  1-Dec-2014__0.605kwh  
  __8AM   29-May-2014___0.371kwh
2 PM   12th-Apr-2014____0.264kwh  
 _6 PM  Fri 7th-Feb-2014___1.63 kwh 
  6AM Tuesday 18-Nov-2014____0.616kwh 
12AM Thu 20th-Feb-2014___0.335  kwh  
1AM  13th-May-2014___0.176 kwh
  __2AM   28-Aug-2014____0.209kwh  
 __6AM 29th-Mar-2014__0.595  kwh
 _2 AM 20th-Mar-2014____0.157 kwh 
  __12 PM   Sun 19th-Jan-2014___0.972  kwh 
 _1AM Tue 18-Mar-2014____0.182 kwh
  __4AM  18-Aug-2014____0.226 kwh 
  __8AM Tue 2-Dec-2014___0.405 kwh
 12 AM  Fri 12th-Dec-2014___0.396 kwh
  _6PM   Thu 13th-Feb-2014____2.016 kwh 
  _1AM  Thu 23-Jan-2014____0.396  kwh  
  9AM Mon 29th-Dec-2014____0.267 kwh 
__1 AM   Saturday 4th-Jan-2014_0.612  kwh 
  _12 PM Sun 18th-May-2014____0.442kwh  
  6 PM 12th-Mar-2014__1.187  kwh  
11AM Thursday 16-Oct-2014_0.288  kwh 
 _2PM 27-Nov-2014__0.149kwh
11AM Tue 18th-Mar-2014___0.412  kwh 
10AM  Thursday 30th-Jan-2014___0.816kwh
 _10AM 22nd-Feb-2014_0.734  kwh 
 _7 PM   Thursday 15-May-2014___1.195kwh
 5PM  27th-Jul-2014___2.57 kwh
  __2 PM  Sunday 8th-Jun-2014__1.526kwh
10 AM 29-Oct-2014_0.252kwh 
__2 AM  Wed 9th-Apr-2014___0.057  kwh 
  _5 PM 02nd-Feb-2014_1.22kwh  
  _5PM   Wednesday 14th-May-2014_0.957  kwh  
  12AM   Saturday 16-Aug-2014____1.123  kwh
_4AM  7th-Dec-2014____0.294  kwh  
 __8AM Sun 17th-Aug-2014____1.81 kwh 
  __10AM   2nd-Aug-2014_0.727  kwh  
__3AM   Tue 10th-Jun-2014__0.382kwh 
 _5AM 1st-Nov-2014_0.157kwh  
 __1AM   22-Oct-2014_0.115kwh
 _11PM   Wednesday 25-Jun-2014___0.792kwh 
 8 PM  24-Dec-2014___1.584  kwh  
  __2AM 21st-Dec-2014____0.363 kwh  
 __5PM  31st-Aug-2014___1.264kwh 
  3 AM 14th-Nov-2014____0.077 kwh
  _1 PM 17-Sep-2014_0.308kwh  
  _11 AM  Tuesday 08th-Apr-2014___0.174  kwh
 4AM 13-Aug-2014__0.226 kwh  
 _5 AM   12-Dec-2014_1.101  kwh 
  4PM   Sat 22nd-Feb-2014_1.134  kwh
  _4AM  Sat 30th-Aug-2014_0.335  kwh  
 5AM   Friday 30th-May-2014__0.818 kwh  
 3PM  13th-Apr-2014___0.324kwh
  _8 AM   Mon 12th-May-2014___0.381  kwh
  _10AM Friday 06th-Jun-2014__0.684  kwh 
 1 PM   18th-Jan-2014___0.984kwh 
  _4AM   29-Apr-2014___0.052  kwh 
2AM  13-Mar-2014____0.178 kwh  
__11AM   16th-Apr-2014___0.167kwh 
11AM Sun 05th-Jan-2014____0.972  kwh 
1 AM Friday 23-May-2014_0.171kwh  
  __3 AM   13th-Nov-2014__0.079kwh 
 _11PM Monday 3rd-Mar-2014__0.396kwh
1AM   Sat 15-Nov-2014___0.139kwh  
 _1PM  19-Dec-2014__0.356kwh  
5PM Thursday 12th-Jun-2014____2.387kwh  
_4AM 9th-Oct-2014_0.115  kwh  
  _11AM   Thu 2-Jan-2014____0.91  kwh
__12PM 28-Feb-2014__0.57 kwh 
  6 AM 29-Nov-2014____0.353  kwh  
_4AM   02nd-Jan-2014__0.456 kwh 
_4AM  Tue 12-Aug-2014____0.266kwh  
  _11PM  Saturday 30-Aug-2014__1.008 kwh
 __1 AM Mon 08th-Dec-2014__0.205 kwh
 _1AM   03rd-Jun-2014___0.41kwh
 _3PM 6th-Feb-2014____0.389  kwh 
 _6 PM 12-Apr-2014___0.583 kwh  
 6AM Wed 02nd-Apr-2014__0.41 kwh  
  _4PM  15th-Jun-2014___1.863 kwh 
  __10 PM  27th-Sep-2014___0.294  kwh  
  __8 AM   11th-Sep-2014____0.238kwh  
 3AM   Fri 28th-Nov-2014___0.09  kwh 
_12PM  Sat 08th-Mar-2014___0.552kwh  
4AM Fri 07-Feb-2014____0.288 kwh 
 _5PM   12th-Feb-2014___1.732  kwh 
 3PM  Sat 21-Jun-2014____1.312kwh  
 _8PM  Friday 04th-Jul-2014___4.608kwh  
__9AM Sat 14th-Jun-2014___1.49kwh 
_10PM Friday 7-Feb-2014___0.806  kwh  
  __6PM   15th-Mar-2014____1.397  kwh 
 _6PM   07th-Mar-2014_1.064kwh  
  __8AM   Thursday 10-Apr-2014__0.13 kwh 
 __10 AM  Friday 01st-Aug-2014_0.475 kwh  
_11PM  06th-Jun-2014___1.944 kwh
_2PM   30th-Aug-2014___1.114kwh
__11 PM  Thu 16th-Oct-2014____0.297kwh
 _7 PM  30-Apr-2014__0.589  kwh 
 _9PM Sun 02nd-Mar-2014_0.552 kwh
6PM Saturday 29-Nov-2014___0.713  kwh 
__5 PM  Tue 28th-Oct-2014_0.624  kwh  
 __4AM   01-Jan-2014_0.388  kwh 
 __4PM   26th-May-2014___0.262kwh 
  6 PM 05th-Jul-2014_4.363  kwh 
  8PM Tuesday 25th-Mar-2014____1.05  kwh 
 _8PM  Sat 20-Sep-2014__1.197kwh  
_5AM   Fri 28-Mar-2014_0.73kwh 
_12AM Wed 10-Sep-2014___0.179kwh 
_11 PM   22nd-Aug-2014___1.332 kwh 
9 AM   10th-Jan-2014_0.708 kwh
 2PM  Monday 14-Jul-2014____0.931kwh
 12 AM  Mon 04-Aug-2014_0.342kwh
 4AM Saturday 4th-Jan-2014____0.51kwh 
 10PM Mon 17th-Feb-2014____0.624 kwh 
 __6 AM 22-May-2014____0.854 kwh
 1PM   Wednesday 19th-Mar-2014__0.275 kwh
5PM   Wed 16-Apr-2014_0.339 kwh  
  __5AM  Thursday 6-Mar-2014____0.889  kwh  
  10AM  10-Apr-2014__0.131  kwh  
 12 PM  6th-Jan-2014____1.19  kwh 
  _9AM   Tue 29th-Apr-2014___0.106 kwh  
 4AM  Mon 7-Apr-2014____0.058  kwh
11PM Sat 18-Jan-2014___2.22 kwh
  __3 PM  11th-Oct-2014_0.643kwh  
  10 AM   23-Sep-2014_0.269  kwh
 __6PM  Tue 30th-Dec-2014_1.401 kwh 
 _1AM   Tue 11-Mar-2014___0.189kwh
__5PM   19-Aug-2014____1.841  kwh 
  2AM   Saturday 4th-Oct-2014_0.209kwh 
 __4AM  Wed 23rd-Jul-2014___0.466kwh 
  3AM 8-Feb-2014_0.292  kwh 
  _3AM   25-May-2014_0.211  kwh 
 __1PM   Sun 02nd-Nov-2014___0.23 kwh
__8PM Sun 6th-Jul-2014___3.802kwh
 __4 PM 12th-Apr-2014_0.308  kwh  
 __4 AM   13-Mar-2014_0.174  kwh 
__1PM  01st-Mar-2014_0.408kwh
__5AM 01-Oct-2014___0.792 kwh
__10AM   10-Oct-2014____0.235  kwh
__12AM  11-Nov-2014__0.115 kwh  
  1PM  Fri 14-Mar-2014__0.282  kwh  
  __9AM Thu 24-Apr-2014___0.104kwh 
  4 AM  Sun 18th-May-2014___0.276 kwh 
  _9AM  9-May-2014__0.247  kwh  
_9PM   Sat 8-Mar-2014____0.317 kwh  
_11PM   Thursday 05-Jun-2014____0.864kwh 
__3 AM Friday 31-Jan-2014__0.48kwh
__2AM 30th-Mar-2014_0.288  kwh
 __6PM Sat 15th-Nov-2014_0.664  kwh 
__2PM  Tue 21-Jan-2014___0.88  kwh
 __12PM  29-Jan-2014___1.19 kwh
 __10AM  Monday 16th-Jun-2014__0.742  kwh 
1 AM  23-Sep-2014___0.16 kwh 
 _12PM   25th-Jun-2014__0.774kwh  
 _7AM Sun 16th-Nov-2014_0.605  kwh 
5AM  Tue 07th-Oct-2014__0.752  kwh
 3AM Saturday 30th-Aug-2014___0.403kwh
  1PM 16th-May-2014__0.342  kwh  
  3PM  28-Feb-2014____0.427 kwh
 3AM 30-Oct-2014___0.118  kwh
  __9 AM 21st-Dec-2014_1.168  kwh
  _1AM  Sun 24-Aug-2014__0.432  kwh
5AM Friday 23rd-May-2014____0.801 kwh
  _10 PM  4-May-2014____0.392 kwh
 4PM   8-Sep-2014___0.291kwh  
 4 AM   1st-Feb-2014___0.41  kwh  
6PM  Monday 18-Aug-2014___1.747kwh  
__1PM  Mon 25-Aug-2014___0.552 kwh
  11 PM  Thursday 9th-Oct-2014__0.273 kwh
  5 AM 16-Apr-2014__0.36kwh  
 _8PM  25-Feb-2014____2.016 kwh 
  __8PM 10th-Nov-2014__0.842  kwh  
__3 PM 19th-Apr-2014_0.246kwh  
 _10 PM Mon 20-Oct-2014___0.249kwh
 1PM  24-Feb-2014_0.461 kwh 
  __12PM  11-Aug-2014____0.564 kwh
  __10PM 22-Mar-2014___0.355kwh
 __2PM   Thu 13-Nov-2014_0.144kwh 
11AM   Sunday 29th-Jun-2014__1.026  kwh  
  __6 AM  Monday 30-Jun-2014__2.03  kwh 
  9 AM 14-Mar-2014__0.264  kwh
__6 PM   17-Dec-2014___1.355kwh
  7 PM   07th-Jul-2014__5.054 kwh 
 _8 AM  Thu 04-Dec-2014___0.506  kwh  
  _8AM   Mon 3-Nov-2014__0.187 kwh
__2PM 10th-Oct-2014_0.259 kwh
_12PM Fri 7-Nov-2014_0.221  kwh 
 12AM  16-Feb-2014____0.816kwh  
  _10PM  21st-Nov-2014___0.252kwh 
 12 AM Mon 10-Mar-2014__0.233kwh  
  __11AM  27-Jan-2014__0.81 kwh 
  11 AM   19-Sep-2014____0.396 kwh 
  11 PM Sat 15th-Feb-2014___1.008  kwh
4PM 12th-Feb-2014_0.528 kwh
  4 AM   Sun 30-Mar-2014_0.218  kwh
  6PM   Sun 23rd-Mar-2014____1.642  kwh  
 5 PM   Monday 16th-Jun-2014____2.059kwh
 __11 PM  26-Oct-2014____0.333kwh  
  _2AM  16th-Nov-2014__0.153kwh  
 _8 PM   28th-Jul-2014____4.032 kwh 
  __3AM  15-Sep-2014___0.164  kwh 
  5AM   Thu 16th-Jan-2014__2.332  kwh
_11AM   1st-Dec-2014__0.451 kwh  
 _6PM   Sunday 15th-Jun-2014__3.175kwh 
 _7AM   Sat 06-Dec-2014__1.294kwh  
  _10AM  23rd-Apr-2014____0.113 kwh  
 __3AM 10-Dec-2014__0.191  kwh
 10AM Tue 12-Aug-2014_0.571 kwh
_6AM  09th-Aug-2014____1.123 kwh 
 __10AM  Sat 05-Jul-2014__1.613 kwh
__2PM  Thu 12th-Jun-2014____0.792kwh 
 _6PM 16th-Jul-2014____3.461  kwh
_5 PM   Thu 30th-Oct-2014___0.811 kwh  
__9AM  31-May-2014___0.821  kwh
 8 AM   Wed 1st-Oct-2014____0.206kwh 
 __2AM  Fri 3rd-Jan-2014__0.324  kwh
 __4 PM  Thursday 28th-Aug-2014____0.499  kwh  
  3PM  Sat 8-Nov-2014____0.389kwh  
12PM   Thursday 17-Apr-2014____0.155  kwh  
  _5AM Thu 22nd-May-2014__0.818  kwh  
 8AM  29th-Nov-2014__0.474  kwh 
  __3 PM   Saturday 12th-Jul-2014_2.441kwh  
 __10PM Fri 14th-Feb-2014__0.79 kwh
 _8PM   23-Dec-2014_1.566kwh 
__3PM  Monday 17th-Nov-2014___0.176 kwh 
  4AM   15th-Aug-2014_0.216  kwh 
  __10 AM  26-Aug-2014____0.47 kwh
 _8 PM   Thursday 03-Jul-2014___3.878  kwh 
 _12AM   Sat 1st-Mar-2014____0.723kwh  
  6 AM  Sat 27-Sep-2014____0.493  kwh
 __3PM 9th-Jan-2014____0.944  kwh
  _1 PM  8-Jun-2014___1.264  kwh  
 10AM   Wed 16-Jul-2014____1.085kwh
 7AM   25-Aug-2014____0.95  kwh  
 __5PM   26th-Jun-2014____2.691kwh  
  _1PM 2nd-Feb-2014__0.785  kwh
  12AM 3rd-Sep-2014_0.197  kwh
  _5PM   Sat 05th-Jul-2014__1.922  kwh 
 6PM Mon 10th-Mar-2014___1.098 kwh 
__3AM Sunday 12th-Oct-2014__0.202 kwh
 _2 PM   6-May-2014__0.368kwh 
 __11PM  21-Dec-2014___0.501  kwh 
 _5AM 3rd-Sep-2014_0.67  kwh 
 __9 PM   11th-Sep-2014____0.428kwh 
__12PM Thu 9-Jan-2014__0.86 kwh  
 9PM   18-Dec-2014_0.68 kwh
__4PM  Thursday 30-Oct-2014_0.192 kwh  
 _6 AM 1st-Feb-2014_0.902kwh
 _6 PM Monday 25th-Aug-2014__1.814  kwh  
_3 PM   Tue 11-Nov-2014____0.194  kwh
 __10 AM Thursday 12th-Jun-2014_0.857  kwh 
 _5 PM   Sun 29-Jun-2014___1.296kwh
 _12AM 14-Jun-2014____1.714kwh 
  7AM 31st-Dec-2014____1.109kwh 
8 AM   Monday 17-Nov-2014____0.209  kwh 
  4 PM   14th-Jan-2014___0.80kwh
 9 PM   Mon 29-Sep-2014_0.50kwh 
 __9 AM   29-Jan-2014___0.648  kwh
  __12PM Saturday 18-Jan-2014_1.068  kwh 
_10PM Wednesday 19th-Mar-2014___0.452kwh
 __2AM  22-Feb-2014___0.428kwh 
 _9PM 24th-Jun-2014_1.058kwh
 __10 AM 04th-Jan-2014_1.26 kwh
 6 PM   11th-Nov-2014__0.636kwh  
  __12PM   Mon 17-Mar-2014____0.356kwh
  _2AM Tue 22-Jul-2014____0.562  kwh 
 4AM   5th-Jun-2014___0.353 kwh  
 __9PM 23-Sep-2014_0.336kwh  
12AM  8-Dec-2014__0.36kwh 
  3 AM   Sat 29th-Nov-2014___0.116  kwh 
 _7AM Tuesday 2-Dec-2014____1.089 kwh
 _4PM  6th-Aug-2014____0.451  kwh
  5PM Mon 23-Jun-2014___2.48 kwh 
  __5PM  25th-Aug-2014___1.732kwh
__12PM  Mon 24-Nov-2014___0.234  kwh
  _10PM Sat 25th-Oct-2014__0.269kwh  
 7AM Tue 3rd-Jun-2014____1.75kwh 
  3 PM   10th-Oct-2014_0.278kwh  
 1AM  28-Nov-2014____0.102 kwh  
  4AM   23rd-May-2014_0.184kwh
  __10 AM   Thu 20-Nov-2014__0.146 kwh 
_8 PM   Tue 22-Apr-2014__0.566  kwh 
  __7AM  Saturday 19-Apr-2014____0.295kwh 
 _7 PM Wednesday 24-Dec-2014___1.782  kwh
 __2 AM   Friday 31st-Jan-2014___0.396kwh
__3 AM  Tue 08th-Jul-2014____0.408 kwh 
  __2AM  23-Oct-2014____0.096 kwh 
  _2AM Friday 21st-Nov-2014____0.095kwh 
  __1AM Fri 26-Dec-2014_0.24kwh
  7 PM Fri 14th-Feb-2014_2.117kwh 
  _6PM 05-Feb-2014_1.361  kwh  
 6 AM  Sun 14-Dec-2014____1.047 kwh 
  3 AM 15th-Feb-2014___0.382kwh 
4 AM   17-Jul-2014____0.384 kwh 
_12AM  Saturday 22-Nov-2014__0.425  kwh  
 7PM Mon 1-Dec-2014___1.94 kwh
 _12PM   4-Aug-2014____0.576  kwh 
_8 AM Sunday 30th-Nov-2014_0.48 kwh
 12 PM   20-Jun-2014____0.873kwh
 4PM 29-Jun-2014_1.507kwh 
 __11AM Sat 09-Aug-2014__0.814 kwh 
_2PM  Tue 09-Dec-2014___0.418 kwh 
__9AM   17th-Apr-2014____0.085  kwh
8 AM 25th-Jan-2014_3.016 kwh
 11PM  Thursday 21-Aug-2014___0.642kwh
 __1 PM 20th-Nov-2014___0.158kwh 
  _4 AM  Mon 29-Sep-2014__0.14kwh 
3 AM Sun 9-Nov-2014__0.161  kwh  
  __2AM Fri 6-Jun-2014_0.31kwh  
  _12 PM   16-Aug-2014___0.85kwh
 10AM 27-May-2014___0.384 kwh 
  _11 AM  Mon 24th-Nov-2014_0.18 kwh  
  __11AM   27th-Jul-2014___1.714  kwh
__12 AM  Thu 1st-May-2014____0.278  kwh  
 _6 AM 6-Sep-2014__0.605  kwh  
 _1AM 21-Nov-2014____0.086 kwh
 __2AM   19-Feb-2014___0.245kwh
 7AM   1-Oct-2014__0.524 kwh 
__1 AM   1-Feb-2014_0.432 kwh 
  7 PM   15-Feb-2014_2.246 kwh 
_7 PM  1-Jan-2014___4.248kwh 
 _9AM   Monday 3-Mar-2014____0.281kwh 
11AM  Sunday 14th-Dec-2014____0.70  kwh 
 __4AM Tue 23rd-Sep-2014___0.158kwh  
  11PM  18th-Nov-2014____0.252kwh 
 6 AM   Fri 26-Sep-2014__0.949 kwh 
  _9PM  Monday 03rd-Mar-2014__0.475  kwh  
  _2PM  28th-Nov-2014_0.184kwh
  _2AM Sat 4-Jan-2014_0.612 kwh
_7 PM 5th-Aug-2014_2.376  kwh
  __2AM   1st-Nov-2014_0.126 kwh  
5PM Sunday 21st-Sep-2014____0.561  kwh
 __11 AM   Saturday 25-Jan-2014_1.428  kwh
  2PM Sunday 15th-Jun-2014____1.253kwh  
  __2PM Wednesday 17-Dec-2014____0.524  kwh 
 12 AM Tuesday 12-Aug-2014_0.378kwh
__5PM Mon 6th-Jan-2014__3.12kwh  
_8PM  Tue 27-May-2014__1.178  kwh 
  __2PM Sunday 28-Dec-2014___0.898kwh 
 _8 PM   Thu 20th-Nov-2014_0.641  kwh
 __11AM 11th-Jan-2014___1.32kwh 
_12 PM  Tue 24th-Jun-2014_1.08 kwh  
  __10AM   Saturday 20th-Sep-2014_0.344kwh 
  _7PM   Friday 14-Nov-2014____0.972  kwh  
__6 AM  Tue 26-Aug-2014____1.728  kwh 
 _5PM  Tue 13th-May-2014___0.988 kwh
 6 AM  28-Feb-2014____1.238  kwh  
__12 PM  Fri 26th-Dec-2014___0.506 kwh 
__8AM Wed 4th-Jun-2014___0.806  kwh
 _3 AM Saturday 23-Aug-2014___0.306kwh  
  _12AM 14th-Jan-2014__0.708kwh  
__1 AM   19-Aug-2014_0.192 kwh 
 8 AM  Sat 18th-Jan-2014_2.782 kwh 
  __11 PM 08th-Sep-2014_0.403  kwh
  __7 AM Sunday 11-May-2014_1.018kwh
  __3PM  Sat 3-May-2014__0.749kwh  
 8AM   Wed 22nd-Jan-2014_0.824kwh 
  _5 AM   Sat 3-May-2014__0.209kwh
 _3PM 19th-Dec-2014__0.458kwh  
_8PM   7-Nov-2014__0.641kwh
 6AM  18-Feb-2014___1.526 kwh
  __9PM Thursday 6th-Feb-2014__0.842  kwh  
 4PM   13th-Nov-2014__0.212kwh 
  5PM Wed 26-Nov-2014__0.486  kwh  
 _4PM 22-Oct-2014____0.202kwh  
__5AM Sat 11th-Jan-2014____0.702kwh 
 _6 PM 12-May-2014____1.243kwh 
 _10PM  Tuesday 20th-May-2014__0.468  kwh
__5 PM Thu 1-May-2014__1.196 kwh 
 2 AM   Thursday 20th-Feb-2014___0.288kwh
  __1PM   Saturday 20th-Sep-2014__0.361  kwh  
  __4 AM   Sunday 21st-Dec-2014____0.337 kwh  
 _7AM 25-Feb-2014_1.145 kwh 
6PM  Mon 01st-Dec-2014__1.417 kwh 
 12AM  Sun 12-Jan-2014___1.456 kwh
__10AM  13-Dec-2014__0.70  kwh 
  __4PM  Monday 29th-Dec-2014___0.502 kwh
 _8 PM   Tue 13th-May-2014___1.203  kwh
 _7PM 24th-Jul-2014___4.536  kwh  
 __11AM  Tuesday 24th-Jun-2014_0.801kwh 
3 PM   Thursday 11-Sep-2014__0.232kwh
__10 AM  Thu 4-Sep-2014_0.232kwh  
  1AM Sat 29-Mar-2014_0.286  kwh
 6PM  12-Oct-2014____0.864 kwh 
 __11 PM 12th-Jun-2014___0.837 kwh 
  __10PM   1st-Jan-2014_1.20 kwh
  __1 PM   24-Jan-2014_0.92  kwh
2PM Fri 12-Sep-2014____0.244kwh 
  _2PM 8-Oct-2014__0.192kwh 
  6AM   15-Jan-2014__2.256 kwh
_7AM  Mon 28-Apr-2014____0.313 kwh
_9AM   10th-Aug-2014___1.177 kwh 
  _4PM   Wednesday 13-Aug-2014____0.542  kwh 
_7 PM Wed 12th-Feb-2014_1.793  kwh  
_7 PM  Tuesday 25th-Feb-2014__1.966kwh  
 _7 AM   Thursday 30th-Jan-2014____1.476kwh
 _5 PM   Sat 13th-Dec-2014___0.931 kwh 
  __3AM Sat 4-Oct-2014_0.205  kwh  
  __6AM  4-Jul-2014____2.333kwh
 _7AM 20th-Oct-2014_0.475kwh
  _3PM Tue 25th-Nov-2014_0.193 kwh
 _12PM  15th-Nov-2014____0.319 kwh 
  __3PM   Thu 30-Oct-2014__0.214 kwh  
__12PM  09-Nov-2014___0.259  kwh 
  __8 AM   26th-Jan-2014__3.068 kwh 
__8PM 16-Dec-2014___1.954  kwh  
_7PM 3-Dec-2014___1.861  kwh
8 PM  Mon 25-Aug-2014__1.728 kwh  
  3AM   Tuesday 22nd-Apr-2014_0.059kwh 
__4PM Wednesday 12th-Nov-2014_0.212 kwh  
 7PM  9th-Apr-2014____0.47  kwh 
 _4 AM   17th-Apr-2014___0.055 kwh 
_2AM  Fri 04th-Jul-2014_0.475kwh
  _4AM Wednesday 21st-May-2014___0.147kwh 
__12 AM   31-Jul-2014____0.648 kwh  
 _7PM   Monday 2nd-Jun-2014____3.564kwh 
  _7 PM   8th-May-2014_1.368 kwh 
_12AM 17-Nov-2014_0.12kwh  
__5 PM Friday 28-Nov-2014__0.661kwh  
 __9PM   23-Jul-2014___1.267  kwh  
_5 AM  21st-Nov-2014_0.505kwh  
 __10 PM 30-Aug-2014__0.566kwh 
  __2PM  Friday 17-Jan-2014____0.76 kwh 
1 AM   28-Jun-2014___0.551  kwh  
  _2AM  16th-Jul-2014__0.442kwh  
  __2PM Mon 8th-Sep-2014_0.235  kwh
 __3 AM  11-Jul-2014_0.533 kwh  
 12PM   19th-Jul-2014____1.426  kwh 
_10 PM  Thu 5th-Jun-2014____1.008 kwh
 _5AM  Mon 10-Mar-2014___0.73  kwh 
 _1 AM  Friday 11-Apr-2014_0.058  kwh 
 7 PM  27-Feb-2014___2.29 kwh
__5PM   02-Aug-2014__1.199  kwh
8PM 08th-Apr-2014___0.422  kwh
 __9PM  31st-Mar-2014_0.542 kwh
  12PM Thu 12-Jun-2014___0.738kwh
 7AM  25-Mar-2014__0.85kwh 
_12PM 20-May-2014_0.32 kwh  
1AM  17-Feb-2014___0.206kwh 
 __7AM Wed 13-Aug-2014____0.994  kwh  
__12AM Mon 20-Jan-2014___0.546kwh
_6AM  5-Dec-2014____1.135kwh  
__12 AM  3-May-2014___0.608kwh 
  __6PM   19-May-2014___1.075  kwh  
  __8AM  Sun 12th-Oct-2014_0.757 kwh  
__12AM   15-Feb-2014_1.085  kwh
  3AM  Tuesday 05-Aug-2014_0.197kwh 
 9 PM   1-Feb-2014____0.557  kwh  
  __3AM   23rd-Jan-2014__0.372kwh 
 _7AM   16th-Mar-2014___1.133kwh 
9PM   Wed 05th-Feb-2014__0.778 kwh
  __8 AM 24-Jan-2014____0.688  kwh
 6 PM 24th-Jul-2014__2.856 kwh
 __7PM  20th-Aug-2014____1.901 kwh 
  9 AM  Fri 08th-Aug-2014___0.428 kwh 
_11AM  25th-Jul-2014____1.356kwh
  12PM   30-Nov-2014____0.316 kwh
  10AM  2-Feb-2014____0.684  kwh
 5PM   14th-Jan-2014___2.938 kwh 
 1PM  15-Dec-2014___0.51  kwh 
_8AM  26-Jul-2014____2.933  kwh  
  _11PM  Saturday 5th-Apr-2014____0.309 kwh  
 _11PM  Saturday 23rd-Aug-2014__1.128  kwh  
  __2PM  Friday 25th-Jul-2014_1.152  kwh  
 __2PM   Thu 13th-Mar-2014_0.278kwh 
_5PM  26th-Sep-2014_0.764kwh  
 2AM Saturday 13th-Dec-2014___0.36kwh
__4 AM   29th-Jun-2014__0.432 kwh
 __3PM   Wed 23-Apr-2014___0.11 kwh  
3AM   Fri 22-Aug-2014_0.218  kwh 
 __6AM 28th-Mar-2014____1.018  kwh  
  __2 AM 25-Dec-2014____0.191  kwh
  __8 AM 31st-Mar-2014____0.352  kwh 
_1PM 10-Nov-2014__0.18 kwh  
 11 PM   Wednesday 12-Mar-2014_0.36  kwh 
_2 AM   26th-Aug-2014____0.281  kwh
  __3AM  19-Aug-2014__0.271kwh
 _11PM   06-Nov-2014__0.198kwh 
 _9AM  25-Dec-2014____0.333 kwh
 12PM   15-Jan-2014_0.83 kwh  
  4 AM  12-Sep-2014____0.112kwh 
__7PM 20th-Jul-2014___5.054 kwh 
_12AM   16th-Mar-2014___0.621kwh
 3 AM   20-Apr-2014_0.072kwh
 3PM   09-Sep-2014_0.274  kwh  
_3AM   Sat 10-May-2014____0.192kwh
  11 AM   Wed 5th-Feb-2014_0.492  kwh
12 AM Fri 10th-Oct-2014____0.184kwh  
  11 AM   22-Mar-2014____0.485kwh
_6AM 25-Apr-2014____0.392  kwh
9PM  28-Sep-2014____0.437 kwh  
  6 AM 20-Oct-2014___0.727  kwh
12PM  9th-Feb-2014_0.619  kwh  
 5PM   10-Mar-2014___0.988 kwh
_6PM   Mon 29-Dec-2014_1.278  kwh  
 6AM 25th-Oct-2014____0.422kwh
 10 PM   Tuesday 18-Mar-2014__0.396 kwh
__12AM   Thu 23rd-Jan-2014____0.72 kwh  
_5 PM  Tue 11-Nov-2014__0.679kwh  
 __3 PM  Tue 22-Apr-2014___0.136 kwh
  __8AM 20th-Feb-2014__0.408 kwh 
  9AM   Friday 14-Nov-2014_0.123 kwh 
_12AM   Friday 11-Apr-2014_0.103kwh 
  _10AM   26-Sep-2014___0.283kwh  
 _3AM   Tuesday 23rd-Sep-2014__0.157  kwh
  __5 PM   31-Jul-2014_2.777kwh  
  _3 AM  22-Jan-2014___0.332kwh 
 _8PM   05th-Mar-2014___1.024kwh 
6AM   03-Feb-2014__1.555  kwh
  _12 AM  4-Oct-2014__0.456  kwh 
 6AM 17th-Jul-2014___3.283  kwh 
_6PM  Fri 5th-Sep-2014____0.931 kwh
  _1AM   Fri 30th-May-2014__0.174 kwh  
__6PM 22nd-Aug-2014__1.848  kwh 
__12AM 10th-Dec-2014__0.284 kwh  
_12 AM Friday 13-Jun-2014___0.475  kwh
  6AM Wed 12-Mar-2014__0.912  kwh
  _7AM  Thu 25th-Sep-2014___0.611kwh 
__7AM  Saturday 20-Sep-2014__0.706  kwh 
_10AM  Mon 5th-May-2014____0.326  kwh  
  8PM  7th-Jan-2014____3.424kwh  
 8PM  Wednesday 5th-Feb-2014___2.17 kwh
  4AM Sat 21st-Jun-2014___0.599kwh  
 3 AM  14-Jan-2014___0.368kwh
_4PM 5-Apr-2014____0.246kwh
 _10AM   22-Mar-2014____0.451kwh  
  __9AM  23-Feb-2014___1.058  kwh 
 7PM 9-Sep-2014___1.512kwh 
  __11AM 21-Sep-2014____0.428kwh 
__5AM  Wed 9th-Jul-2014____2.244  kwh
  _11AM Thursday 14-Aug-2014____0.564kwh  
 9 AM   13-Jun-2014_0.594kwh 
  __7AM   Thu 30-Oct-2014___0.562kwh
__9PM Fri 4-Jul-2014___1.104  kwh  
__2PM Sat 9-Aug-2014___0.806kwh 
__8 PM   Saturday 13th-Dec-2014__2.099  kwh  
__4AM  26-Sep-2014___0.153 kwh
 4AM  Mon 10-Mar-2014__0.147  kwh  
  __9AM   Wed 25th-Jun-2014____0.599kwh
 _9PM   10-Aug-2014_0.85 kwh 
  8AM Thursday 9th-Jan-2014_0.952 kwh  
__9PM Wed 24-Dec-2014___0.673  kwh  
  __8 PM Fri 28-Feb-2014___1.613  kwh  
_2PM  Fri 19th-Dec-2014____0.493kwh
_6 AM  Wed 13th-Aug-2014___1.339 kwh 
 5AM   16-Jul-2014_2.244  kwh 
_3AM   Thu 9th-Oct-2014___0.114  kwh 
 _10PM 06-May-2014____0.408kwh  
__1AM  11th-Nov-2014___0.073 kwh  
 __5AM  Tue 2nd-Sep-2014__0.732  kwh 
  _1AM   Tuesday 22nd-Jul-2014___0.427kwh 
  __6 PM   10th-Jun-2014____2.394  kwh  
_3PM  21st-Oct-2014_0.223  kwh 
 __7PM  Friday 10th-Jan-2014_3.60  kwh 
1PM Mon 9-Jun-2014_0.821 kwh  
  _9 PM  16-May-2014_0.317kwh
  _2PM  28-Sep-2014___0.476 kwh 
 __6AM Wed 08-Oct-2014__0.655kwh
__6PM   Fri 1st-Aug-2014____1.848 kwh
  __1AM   14th-Feb-2014__0.281  kwh 
 _7AM   01-Dec-2014____0.97kwh
  __7 AM 13th-Apr-2014_0.31  kwh 
__6PM 13th-Jun-2014_2.268  kwh
  __9PM 3-Oct-2014____0.233  kwh 
  __6PM   Thursday 11th-Dec-2014_1.309 kwh 
 __3PM  Tuesday 9th-Dec-2014_0.431 kwh  
  __6PM 29-Oct-2014____0.958 kwh 
__7PM   Sunday 17-Aug-2014_1.901 kwh  
9PM  Mon 30-Jun-2014___1.004  kwh 
 _5 AM  Wed 30th-Apr-2014_0.356  kwh  
  _12PM Wed 28th-May-2014__0.368 kwh  
 _8AM  Thu 21st-Aug-2014____0.461  kwh
__7 PM   14th-Jul-2014_4.406kwh  
3PM   12-Mar-2014____0.294kwh 
 __11AM  01st-Oct-2014_0.339kwh 
5AM 10th-Jul-2014_2.798  kwh
  10AM  12th-Feb-2014__0.552 kwh 
  7AM 13-Nov-2014____0.332kwh 
__11 PM 14-Aug-2014__0.684 kwh
  _2AM 24-Sep-2014____0.162 kwh 
  __3PM  4-Dec-2014_0.506  kwh 
 __8PM  Thu 23rd-Oct-2014_1.085  kwh 
  5AM 01st-May-2014_0.73  kwh
 _4PM   9-Jul-2014____0.806 kwh
3AM   10th-Jan-2014____0.392  kwh
  _11 PM   Sat 6-Sep-2014__0.812 kwh 
  __5PM Tue 26-Aug-2014___1.373kwh
 _10PM  21st-Oct-2014____0.357 kwh 
 __11 AM  24th-Mar-2014____0.44 kwh  
_7AM 23-Nov-2014___0.551kwh
 8PM 26-May-2014___1.139  kwh 
_7AM  12th-Jan-2014____2.616 kwh 
  10AM  28th-Nov-2014___0.144 kwh  
_3PM   Thursday 3rd-Jul-2014__1.066kwh
__3PM  24th-Jun-2014____0.598kwh  
__8AM   15-Jun-2014____2.457kwh
 _3 AM 30-Dec-2014___0.242  kwh  
  __1PM Sat 20th-Dec-2014__0.719kwh
 _3AM  Mon 30th-Jun-2014___0.374kwh 
  3PM Fri 11-Apr-2014_0.126kwh
  _11AM  Tue 01st-Jul-2014____1.02 kwh  
_3AM Sat 01st-Nov-2014___0.131kwh
  7AM   Fri 03-Oct-2014___0.448kwh  
 _3PM  7th-Feb-2014____0.475kwh  
 __8PM   Fri 17th-Jan-2014__3.328 kwh
  4AM   20th-Jul-2014____0.763kwh 
  _7PM 27th-May-2014_1.483 kwh  
 __1PM  06-Sep-2014___0.47  kwh 
__9AM   4-Jun-2014____0.535 kwh 
 __7PM   8th-Dec-2014___1.762 kwh
2 PM   10-Dec-2014____0.387  kwh 
 1PM  Tue 23rd-Dec-2014___0.51kwh
  __3 PM   14-Jan-2014___0.664  kwh 
 __2 PM   Monday 26-May-2014____0.275 kwh  
  __12 PM 8th-Aug-2014__0.48kwh
7 AM  Sunday 2nd-Mar-2014___0.845 kwh
9AM 31-Jan-2014_0.534kwh 
  _7 PM Sun 21-Sep-2014____1.071 kwh
 _1AM 25th-Mar-2014___0.163 kwh 
  __6AM   Wed 31-Dec-2014__1.254kwh 
  __12PM Fri 28th-Nov-2014___0.245 kwh  
  _4PM  31-Oct-2014____0.254kwh  
  __9PM Fri 19-Dec-2014__0.37 kwh 
  12PM   Mon 13-Oct-2014____0.297 kwh 
  _1 PM  Tue 01-Jul-2014__0.768 kwh 
 _11AM  14-Oct-2014____0.297 kwh  
 __3PM   31-Aug-2014____0.994kwh
 7AM Thursday 02-Jan-2014_1.458  kwh
  __3 AM 27th-May-2014__0.163kwh 
_3PM   Mon 8th-Dec-2014__0.515kwh 
 _7 AM 27-Jan-2014____2.034 kwh  
  __11AM Mon 11th-Aug-2014_0.606kwh  
9 PM Fri 31-Oct-2014_0.226  kwh  
 2AM   Wed 05-Nov-2014___0.082  kwh
 __11AM   Sun 18th-May-2014____0.566kwh 
 _2PM 31-Jan-2014____0.944 kwh 
 _4AM 14-Dec-2014____0.366  kwh
  __12 PM  Thursday 30-Jan-2014__0.93  kwh 
  _4PM   Sat 17-May-2014____0.59 kwh 
  _3AM 29-Apr-2014__0.066 kwh  
  _12 PM 08th-Nov-2014___0.27kwh  
 __1 PM 13-Nov-2014___0.216  kwh  
 _3AM 21-Mar-2014____0.162  kwh
  _3PM Tue 18-Nov-2014__0.155 kwh 
_6AM  Sat 22nd-Nov-2014__0.324  kwh  
  _4 AM 23-Dec-2014___0.227kwh 
  10PM Thu 16-Oct-2014__0.243 kwh  
  _12PM  27-Nov-2014__0.266  kwh
 7 AM  Mon 15th-Dec-2014_0.812 kwh  
 4AM 15-May-2014____0.174kwh 
  _6 AM 20-Apr-2014____0.192kwh 
__10 PM   Fri 29th-Aug-2014_0.832 kwh 
_8 PM 2-May-2014__1.331kwh
  _6 PM  22nd-May-2014___1.333kwh  
 9PM  Thu 29-May-2014____0.485  kwh 
 3 AM  7-Nov-2014___0.099  kwh
 12 PM   15-Jun-2014____1.253 kwh  
 12PM 16th-Feb-2014___0.842 kwh  
 _2 PM Thursday 11th-Dec-2014_0.37kwh
3PM 13-Jun-2014___0.72  kwh 
 2AM  Wednesday 08-Oct-2014____0.108 kwh 
  __8AM 23-Feb-2014____1.279  kwh
  _6PM   Sun 23-Feb-2014__2.16  kwh  
__2PM  1st-Dec-2014__0.471  kwh
  _4PM  19th-Dec-2014____0.405  kwh
  __9AM   14-Aug-2014_0.295  kwh
 10PM Tue 25-Nov-2014__0.207 kwh  
 9 AM   18-Jul-2014__0.605  kwh  
5PM   Sat 20th-Sep-2014___0.617 kwh
4PM 3-Dec-2014___0.488  kwh
  __11 AM Sun 4-May-2014___0.566 kwh
_5PM  Saturday 25th-Jan-2014__1.584kwh
 _9PM  Sat 5th-Jul-2014_0.893kwh 
__3PM   10th-Feb-2014__0.442 kwh  
 __7 PM  29th-Jul-2014__4.536 kwh 
  __6 PM   Tue 23-Sep-2014__1.058  kwh
  1 AM  20-Apr-2014____0.086 kwh  
__2AM  Tue 01st-Jul-2014____0.403 kwh
_8 PM   05-Jun-2014___2.678  kwh 
 __11AM  Wed 17th-Dec-2014_0.649 kwh
  11PM  Mon 5th-May-2014__0.372  kwh
 _9PM   28-Jan-2014___1.14kwh
 12PM   Fri 19-Dec-2014__0.49kwh
  _12 AM  Wednesday 4th-Jun-2014_0.47 kwh  
 6PM   Wednesday 6th-Aug-2014__1.663  kwh 
_9 PM   Sunday 17-Aug-2014__0.756 kwh  
__2PM 07-Aug-2014_0.446  kwh
  _1 PM   13th-May-2014____0.339  kwh 
  __7 AM Mon 6-Oct-2014____0.481  kwh
  4PM   17-Oct-2014_0.24kwh
 _9PM   Wednesday 05-Nov-2014_0.311 kwh  
 _4 AM Wed 22nd-Jan-2014__0.404  kwh
  __2 PM   18th-Jan-2014_1.312  kwh  
 11PM  Sat 8th-Nov-2014___0.437  kwh
  12PM   Thursday 20-Feb-2014__0.60 kwh 
_12 PM  Saturday 20th-Dec-2014__0.746 kwh  
 6 PM 29-Jul-2014___3.427kwh 
  2 AM  3rd-Sep-2014____0.137kwh
7PM  24th-Apr-2014___0.632 kwh 
 2 PM Tuesday 15-Apr-2014__0.10 kwh  
 5PM  29-Apr-2014__0.445  kwh  
 _5AM  Wed 31-Dec-2014__1.137  kwh 
  6 PM  1st-Sep-2014____1.00 kwh 
 2AM  25th-Aug-2014____0.24  kwh
__1PM  26-Nov-2014_0.182  kwh 
__5 PM  7-Feb-2014___1.279  kwh 
  _2AM  Mon 10th-Mar-2014____0.141  kwh 
_5 PM 3-Sep-2014_0.883kwh 
  7 AM  Thu 27th-Nov-2014____0.401kwh
  6PM  21st-Mar-2014____1.266  kwh  
10AM 31-Jan-2014__0.848 kwh 
10PM  5-Aug-2014____0.714kwh 
 7PM   Monday 29th-Sep-2014___1.184kwh  
_3 AM  9-Feb-2014___0.389 kwh
  __8PM   Fri 21st-Feb-2014_1.67  kwh
 12 AM  3rd-Jul-2014_0.655  kwh 
 __8PM  Sat 22-Feb-2014_1.75  kwh 
_12AM 1st-Nov-2014___0.324kwh 
_12PM  29th-Sep-2014___0.322 kwh  
_6AM   Saturday 8th-Mar-2014____0.678 kwh  
  __4 AM   Sat 27-Sep-2014__0.242  kwh  
 5AM   Monday 6-Jan-2014____2.002 kwh  
 __2PM 14th-May-2014__0.294 kwh  
_2AM   12-Oct-2014____0.144  kwh 
_2PM   Saturday 15-Feb-2014__1.152  kwh
 8AM 3-Sep-2014_0.263  kwh
1PM Tue 10-Jun-2014____0.828kwh 
 __11PM 31-Dec-2014____0.60kwh 
  5AM 16th-Aug-2014___0.407  kwh  
  9PM   11-Aug-2014___0.605 kwh  
  8 PM 27th-Mar-2014___1.126kwh 
 __7AM  Sun 2-Feb-2014___1.382kwh
  _11AM  Wed 15-Jan-2014__1.12  kwh
_12PM   Tuesday 02-Dec-2014____0.484  kwh 
1 AM  24th-May-2014__0.264  kwh
_10AM   Thu 31-Jul-2014___0.941  kwh 
11PM 6-Jan-2014____0.96kwh 
  __5AM  8th-Nov-2014_0.146kwh 
 __6AM 5th-Aug-2014__1.296kwh 
  __8 PM   11th-Jan-2014__3.456 kwh  
__10 AM   06th-Dec-2014__0.581  kwh 
_8 AM  Mon 18-Aug-2014____0.504  kwh 
 10PM  Wednesday 25-Jun-2014__0.891 kwh 
__3AM  Thu 07-Aug-2014___0.286 kwh
 _2PM Wed 10-Sep-2014___0.263 kwh  
  4 PM  Tuesday 04-Mar-2014_0.368  kwh  
7PM  9th-Aug-2014___2.246kwh  
 6PM  Tue 16-Sep-2014_0.911kwh
 8AM   31-Jan-2014_0.80 kwh 
 _11PM   Monday 26th-May-2014_0.46kwh  
 2 AM  14th-Sep-2014____0.204  kwh 
__3 PM  Thu 3-Apr-2014____0.126kwh 
 _7PM Wednesday 15-Jan-2014_4.212 kwh  
 __2AM   Mon 30-Jun-2014____0.425  kwh
 _8AM 13th-Jun-2014____0.72kwh  
  7PM 8-Jun-2014___2.819 kwh
  _11AM  Fri 19th-Dec-2014___0.622kwh  
 6PM 23rd-Jul-2014__3.528  kwh
  _8 PM   14-May-2014_1.357  kwh
  _11PM  13-Jun-2014_1.98kwh 
  _10AM  Thu 25th-Sep-2014_0.308  kwh
  8AM 02nd-Feb-2014_1.279  kwh  
 6AM  Mon 22-Sep-2014___0.781  kwh  
 _10PM   30-Apr-2014_0.171kwh  
  _10 PM Mon 03-Mar-2014___0.396kwh
3 AM Monday 13-Oct-2014_0.138 kwh 
  2AM  Sunday 8th-Jun-2014__0.621kwh  
_12AM  08-Jun-2014_1.181 kwh 
_12 AM Fri 29-Aug-2014___0.396 kwh
  __4PM  13-Jun-2014_0.605kwh
 _1 AM   10th-Sep-2014__0.115 kwh 
  1 PM Thursday 30-Oct-2014___0.257kwh 
  __10 AM   8-Apr-2014____0.108  kwh  
 4PM   10-Mar-2014__0.32  kwh 
 _3AM 5-Oct-2014____0.189 kwh 
 _3 AM  9th-Apr-2014___0.061kwh
 __4PM   Mon 6-Jan-2014__0.856kwh 
  __1PM Thu 31-Jul-2014__1.152kwh
 10AM   Sun 12-Jan-2014____1.152kwh 
 __4AM  6-Aug-2014__0.283  kwh  
  __4AM   Wed 31-Dec-2014__0.231 kwh
 2AM   Tue 2-Sep-2014__0.113  kwh
_4AM   4th-Feb-2014___0.192 kwh  
  __3AM  Tue 25-Mar-2014_0.174 kwh  
  _5PM   12th-Mar-2014____1.102 kwh  
  _3PM   Monday 3rd-Feb-2014____0.504 kwh 
  9AM Thu 16th-Jan-2014____0.57 kwh 
__10 PM 10-Sep-2014__0.322  kwh
  7PM   Wed 8th-Oct-2014__1.08 kwh  
 2PM 11-Oct-2014_0.514kwh
10 PM 04-Jul-2014_1.781 kwh
_1AM  Sun 02nd-Nov-2014____0.159kwh
 __9 PM 10th-Apr-2014__0.196kwh  
 __7PM  Thursday 23-Oct-2014___1.274 kwh
 _5PM  9-Jun-2014_2.317kwh  
_10AM   Saturday 27-Dec-2014__0.548  kwh  
  __7 PM   Thu 22nd-May-2014____1.483  kwh
  3 PM 28th-Sep-2014__0.725 kwh  
 _4 PM  14-May-2014_0.298kwh 
  _11AM   Thursday 13th-Feb-2014_0.606 kwh 
 __6PM 21-Feb-2014__1.462  kwh 
  _11 PM  Sunday 31-Aug-2014__0.57  kwh 
  __10PM 30th-Mar-2014_0.46 kwh 
 __6 AM  05-Oct-2014_0.446 kwh  
  __3 AM  22-Oct-2014____0.132 kwh
  __6 AM 23rd-May-2014__1.027kwh  
  __8 AM Fri 4-Jul-2014____0.787 kwh
  __8 PM   Wednesday 19-Feb-2014_1.805  kwh  
  4PM  Thursday 8-May-2014_0.374 kwh 
_5PM   Tue 10th-Jun-2014_2.223kwh  
10AM   Mon 29-Sep-2014__0.283 kwh  
5 AM  Thu 9-Oct-2014__0.62 kwh
11PM   Mon 6-Oct-2014_0.258kwh  
  _12AM 27th-Jul-2014__2.054 kwh 
_12 PM  Thu 29-May-2014___0.472kwh
  _1AM Saturday 6-Dec-2014_0.333  kwh  
 5 PM 02nd-Mar-2014__0.641  kwh  
  __5AM  Tue 24-Jun-2014_1.584 kwh 
 __5PM Fri 13th-Jun-2014__2.176kwh
  _1PM  Sun 10th-Aug-2014____0.655  kwh  
 _12 AM  3-Jun-2014_0.486 kwh
  __7AM  Fri 14-Mar-2014___0.799kwh
 1 AM   Fri 24th-Jan-2014____0.412  kwh
 2AM 25th-Feb-2014__0.252  kwh
9PM 16th-Mar-2014___0.571  kwh
 __5PM   Sat 30-Aug-2014____1.264kwh 
 9AM   Tuesday 16th-Sep-2014____0.225kwh 
4 PM  5th-Nov-2014___0.171  kwh 
  _10AM Fri 15-Aug-2014___0.422 kwh
_12PM   16-Mar-2014____0.437 kwh  
_11 AM   Fri 3-Jan-2014___1.16  kwh  
__12 AM   Thu 11-Dec-2014_0.304  kwh
 __6 AM Fri 6-Jun-2014___2.03kwh 
  12AM  16th-Jan-2014_0.672  kwh  
  _12PM 30th-May-2014_0.388  kwh
  __10AM Thu 18-Sep-2014____0.33  kwh  
1AM Wed 26-Nov-2014_0.078 kwh  
  _9AM  Tue 03-Jun-2014_0.491 kwh 
 __7AM   1st-Sep-2014____0.643 kwh 
__7 PM Tue 11th-Feb-2014_2.333 kwh 
_7AM   8th-Feb-2014__1.382  kwh 
7PM   Wed 9th-Jul-2014___3.715kwh  
  _6PM   24th-Jan-2014__3.164kwh
7PM   16-Dec-2014__1.822 kwh 
  12AM 30-Jul-2014___0.828 kwh
 9 AM  22nd-Dec-2014__0.376 kwh
7PM  4th-Feb-2014____1.987kwh
  __4 AM  Monday 19th-May-2014____0.136kwh 
_8 AM   Sun 22nd-Jun-2014__2.129 kwh  
__8AM  Sat 11th-Jan-2014_2.21 kwh 
_12 PM  Tue 23-Sep-2014_0.417  kwh  
 __3 PM  02nd-Nov-2014_0.365kwh  
 9AM   08th-Mar-2014_0.648 kwh  
_4PM Tue 02nd-Sep-2014_0.30kwh  
  _5PM 23rd-Jan-2014__2.60  kwh 
 9 PM   06th-Apr-2014_0.166kwh
 6 AM  17-Nov-2014____0.632kwh
  10PM 18th-Apr-2014___0.235kwh
  _2AM 29-Apr-2014_0.056  kwh
 _11PM   Wed 8-Oct-2014_0.285  kwh
 _9PM  Saturday 29-Nov-2014__0.153  kwh 
_11PM   Sat 11th-Jan-2014____1.78 kwh
 8AM   11-May-2014____1.061  kwh  
 _3PM 30-May-2014__0.378 kwh 
_9 AM  Fri 17-Jan-2014__0.486kwh 
__7AM   Sat 13th-Sep-2014___0.907 kwh  
  6PM   16-Aug-2014_2.03 kwh 
  7AM 16th-Oct-2014___0.632  kwh
 __9 PM 23rd-Dec-2014_0.706 kwh  
  1AM  3-Apr-2014___0.063kwh  
 _12 PM  Sat 20-Sep-2014___0.353kwh
5 PM   Thursday 20-Mar-2014__0.978kwh
 __5AM   6-Sep-2014_0.202 kwh 
  __3 PM Wed 04th-Jun-2014_0.619kwh
 _2AM  24-Oct-2014____0.138  kwh 
 __6AM   10th-Nov-2014____0.502 kwh 
  __1PM 29th-Oct-2014___0.281  kwh
  __2AM   2nd-Dec-2014____0.238 kwh
_10 PM  Wed 3-Sep-2014____0.343  kwh 
_8AM   7-Feb-2014___0.456  kwh  
 _5PM Friday 25-Jul-2014___3.37 kwh 
__8PM   Wed 1-Oct-2014___1.133  kwh 
 __3AM  Sat 19-Jul-2014__0.821 kwh
  __9AM  Thursday 6-Feb-2014___0.40kwh  
_3PM  Wed 05-Feb-2014_0.403 kwh  
 _1 AM  22-Dec-2014____0.194 kwh
 __8PM   3-Oct-2014___1.114  kwh 
7AM  17th-Apr-2014____0.305  kwh
__3AM   01-Feb-2014___0.374  kwh 
_3 AM   1-Dec-2014__0.233kwh  
 11 PM   Wed 2nd-Jul-2014_1.428  kwh
 _11 PM  13-May-2014___0.328kwh 
 __10 PM   4th-Jan-2014_0.672  kwh
  6AM  2-Jun-2014___2.03 kwh
 11 PM  27th-Jan-2014_0.92  kwh
_5AM Thu 17-Jul-2014___3.036kwh 
 __9PM  Tue 18th-Feb-2014__0.662  kwh 
_1PM   Sat 19th-Apr-2014_0.146kwh
2PM Mon 17th-Feb-2014____0.461  kwh  
 2AM Mon 6th-Oct-2014____0.11  kwh 
 __2AM   24th-Apr-2014_0.072 kwh  
 4AM   2-Aug-2014___0.421 kwh  
__5 PM 19-Nov-2014____0.702 kwh 
  __10AM 6th-Nov-2014____0.196 kwh
  _8AM 3-Jun-2014__0.619 kwh
2PM 18-Feb-2014____0.413  kwh 
10AM   12th-Apr-2014____0.212  kwh  
6AM  Sat 18th-Jan-2014____1.776  kwh
  _9 AM Fri 28-Nov-2014__0.112kwh  
 _9AM  Thu 21st-Aug-2014__0.378  kwh
 _4 PM  28-Nov-2014___0.194kwh  
 __11AM Thu 30-Oct-2014_0.252  kwh  
  1AM 7th-Sep-2014__0.237 kwh  
7AM Fri 29-Aug-2014____1.123kwh  
 4PM  7-Nov-2014___0.216  kwh
  3AM Wednesday 3rd-Dec-2014__0.253kwh
_9 AM 08th-Nov-2014__0.344kwh 
 12AM   Tuesday 04-Feb-2014___0.367  kwh
__7 PM   Sat 8th-Nov-2014__0.721 kwh
  11AM   Tuesday 20th-May-2014_0.432 kwh
  __7 AM  Thu 22nd-May-2014_0.85  kwh
  4PM  Sun 11-May-2014__0.641 kwh
 __5PM 21-Jul-2014_3.276 kwh
  __5AM  Mon 14th-Jul-2014___3.168  kwh 
 _11PM 21st-Sep-2014___0.308 kwh 
9 PM   Wednesday 25-Jun-2014_1.069 kwh 
 _10AM  Wed 11-Jun-2014_0.626  kwh 
  _3PM Sunday 24th-Aug-2014_0.896 kwh
  _6 PM   Sat 26-Apr-2014____0.491 kwh
  _10PM   Fri 9th-May-2014_0.594kwh
 __6AM  Sat 20-Dec-2014__1.003  kwh
 __5PM 3rd-Apr-2014__0.464kwh
1PM  31-Aug-2014___0.806 kwh
  3AM   26th-Apr-2014__0.098 kwh  
__7AM  25-Jun-2014____1.685 kwh 
 _2PM   Tuesday 16-Dec-2014__0.493 kwh 
 __6AM  21st-Dec-2014__0.95 kwh
  _4PM Sun 31-Aug-2014____1.199 kwh 
 3 PM  20-Aug-2014____0.499 kwh
 _9 AM  Monday 24-Mar-2014__0.264kwh 
  _9 AM Friday 10th-Oct-2014__0.151kwh  
_4AM   Friday 19th-Sep-2014__0.12  kwh
__1 AM Thu 6th-Mar-2014__0.186kwh  
 9PM   21-Apr-2014____0.164  kwh 
_12AM   Tue 16th-Dec-2014__0.353  kwh  
  __12 PM Wednesday 12-Feb-2014__0.504  kwh  
  4AM  Fri 4-Apr-2014____0.068kwh  
 _12 AM Sun 31st-Aug-2014_0.989kwh  
7 PM  Fri 7-Nov-2014___0.77 kwh  
_4PM 27th-Jul-2014_2.333kwh  
_2 PM   Tue 26th-Aug-2014_0.552 kwh
 _2AM  Thursday 13th-Nov-2014___0.095kwh 
__8 PM  11-Nov-2014____0.619  kwh 
  4PM Saturday 8th-Mar-2014__0.706 kwh 
 __6AM 24-Sep-2014__0.907 kwh 
_8 AM  Tue 20th-May-2014_0.304kwh 
__3AM  21-Jul-2014_0.403 kwh 
 _6PM   26th-Oct-2014__0.972 kwh  
 7AM  9-Jan-2014_2.106  kwh  
 __10PM   Saturday 12th-Jul-2014_1.114kwh
  5AM  4th-Nov-2014__0.559kwh 
__10PM Saturday 06-Dec-2014__0.453kwh
 __11AM 23-Apr-2014_0.173 kwh
__11AM   10-Dec-2014___0.506  kwh
  __5PM 04-Dec-2014_1.258  kwh 
9 AM   Monday 17th-Nov-2014_0.155 kwh 
_7 AM   Mon 21st-Jul-2014____1.793 kwh 
10AM   Monday 14th-Jul-2014_0.778 kwh
  _3AM   Wednesday 1-Jan-2014___0.396  kwh
_2AM 16-May-2014____0.154  kwh  
 __10AM  21st-Oct-2014__0.226kwh 
  _3PM  16th-Aug-2014_1.242 kwh 
_1 PM 8-Jan-2014_0.904 kwh  
 __7AM Fri 21-Feb-2014___1.199 kwh 
__10 PM  Mon 1st-Dec-2014___0.644 kwh
 __10 PM   Wed 19-Feb-2014___0.666kwh  
  __5PM Mon 24th-Nov-2014____0.62kwh
_12PM   4th-Mar-2014___0.396  kwh  
7 AM   Saturday 27-Dec-2014____1.228  kwh  
__7PM  Sat 28th-Jun-2014_3.758  kwh 
  11 AM   Fri 14th-Nov-2014__0.191kwh 
 _11PM   10th-Jul-2014_1.152kwh
  _6 AM   Monday 5-May-2014_0.778kwh 
__9 AM   5-May-2014____0.274kwh 
7 PM 11th-Jul-2014____4.882kwh 
 _8PM   Sat 1st-Nov-2014____0.972  kwh  
__7PM  Fri 19-Dec-2014____2.376  kwh  
 __7PM   29-Apr-2014___0.648  kwh
__11PM   Tuesday 16th-Sep-2014_0.322 kwh  
  __6PM 18th-Feb-2014___1.596  kwh  
 _2 AM   Sunday 13-Jul-2014___0.583 kwh 
_5 AM   Thu 30-Jan-2014___2.552  kwh
 1 AM   Saturday 29-Nov-2014____0.159 kwh
_10PM Tue 29-Apr-2014__0.176  kwh  
12AM  25-Oct-2014____0.557 kwh 
  _8 PM Sun 2-Mar-2014__1.685 kwh 
 __6 PM 07-Jun-2014___3.532 kwh
 _1 AM  Thu 22-May-2014__0.182 kwh 
  _10PM   13th-Oct-2014_0.351kwh 
  _11PM  2nd-Aug-2014__1.224  kwh  
_10AM 4-Apr-2014___0.14  kwh  
9 PM   Fri 18th-Apr-2014___0.12kwh
__2PM  Fri 07-Feb-2014__0.394  kwh  
_11AM  23rd-Mar-2014__0.432kwh  
12AM   Sun 20th-Apr-2014____0.286kwh
 6AM  Monday 20-Jan-2014____2.64 kwh
11PM   4-Sep-2014___0.326kwh 
 _6PM 30th-Apr-2014_0.357  kwh  
  __5PM 18-Apr-2014___0.402kwh  
__3AM   03-Jul-2014___0.422  kwh
 _3 PM 17-Apr-2014__0.106 kwh
 _5 PM   Fri 22-Aug-2014_1.654  kwh 
  _8AM   Mon 21-Apr-2014___0.127  kwh 
7AM Tue 01st-Apr-2014___0.216 kwh  
  1 AM  20th-Jun-2014____0.364kwh  
_4PM  28-Oct-2014___0.288  kwh 
  _9 PM  Fri 29th-Aug-2014__0.499  kwh
10 PM   22-Aug-2014_0.781kwh
 4PM   Friday 10-Oct-2014_0.24kwh
 __3PM  Fri 2-May-2014_0.381 kwh
_12 PM  Sunday 28-Dec-2014___0.581kwh  
 __12AM 7-Jun-2014_1.714 kwh  
_12AM Sun 14th-Dec-2014___0.898  kwh
_10AM  10th-May-2014___0.547  kwh  
  _9PM 20-Jun-2014____0.727kwh 
  7PM  Wednesday 29-Jan-2014____2.88kwh 
_10PM   9-Sep-2014___0.312kwh  
_4AM  Fri 14th-Feb-2014___0.238kwh 
  10AM 14-Apr-2014___0.097 kwh  
_8AM  Wednesday 10-Dec-2014__0.392 kwh 
6 AM 1-Aug-2014____1.483 kwh  
  5PM 13th-Nov-2014____0.661  kwh
4PM   7th-Feb-2014__0.446kwh 
 _12 AM 10th-Nov-2014____0.157kwh
 6PM Wed 4th-Jun-2014___2.419  kwh 
  _10 AM   Monday 18th-Aug-2014____0.514kwh
  _4PM  Friday 3-Oct-2014_0.228 kwh 
 __6AM   04-Aug-2014__1.368kwh  
  _7AM  02-Apr-2014_0.289  kwh 
_10PM Wednesday 17-Sep-2014___0.413 kwh
 _6AM  Thursday 13-Nov-2014_0.551 kwh  
_11 PM  20-Apr-2014__0.132  kwh  
1 AM   20-Feb-2014____0.262kwh  
_9AM  06th-Jun-2014___0.508  kwh 
  8PM   Saturday 27th-Sep-2014____1.386kwh  
 9 PM Sun 24-Aug-2014__0.684  kwh 
 _10PM Tue 22-Jul-2014____1.212  kwh 
  4AM  Sun 30-Nov-2014__0.13  kwh
__7PM Thu 4-Dec-2014____2.099 kwh  
 _1AM  12th-Oct-2014_0.212kwh  
  _7 AM  20-Jan-2014____2.016 kwh
7AM  21st-Aug-2014__1.274  kwh  
__8 AM  Sunday 5-Jan-2014_2.99  kwh  
  _7 PM   1-Jun-2014__3.694 kwh 
  __2 AM Saturday 8th-Feb-2014___0.371 kwh  
 __3PM Monday 6-Jan-2014____0.808kwh
 _6 AM   Monday 27th-Oct-2014___0.734kwh  
__4PM 23rd-Sep-2014___0.302 kwh 
 11AM Sun 21-Dec-2014__0.554kwh  
__2PM Wed 26th-Feb-2014____0.523kwh 
__4PM   25th-Oct-2014____0.535  kwh  
_2 PM   12th-Nov-2014____0.153 kwh 
  _7 PM  27th-Sep-2014_1.399 kwh 
 _9 AM   Wed 10th-Sep-2014___0.248 kwh
_9PM  Tue 28-Oct-2014_0.392  kwh
  __3PM 24-Jul-2014____1.066  kwh 
 __4 AM  Friday 11th-Apr-2014____0.072 kwh
  __4 AM 5-Mar-2014____0.162 kwh 
  10PM   Sunday 13-Apr-2014__0.141kwh
  __1 AM  Tue 16-Dec-2014____0.233kwh
  __8PM   11-Jun-2014___2.707  kwh  
 10AM   Tue 18-Feb-2014_0.398kwh 
__2PM Saturday 28-Jun-2014_1.469kwh 
6AM Sat 01st-Mar-2014__0.717  kwh
  __9 PM  Mon 10th-Mar-2014_0.408 kwh 
  _10PM  16-Dec-2014____0.655  kwh
11PM 04-Apr-2014_0.27  kwh 
 6AM   28-Jan-2014_2.688  kwh
 __11 PM 20th-May-2014___0.356  kwh 
 __5 PM  Saturday 12th-Jul-2014__2.117  kwh 
__9AM 25th-Feb-2014__0.335  kwh 
_8PM 27th-Apr-2014_0.443  kwh 
  2 AM Sun 29th-Jun-2014__0.529  kwh
  12PM 27th-Feb-2014_0.498kwh
 7AM Monday 15th-Sep-2014__0.636 kwh 
_8 PM   Mon 9th-Jun-2014_3.197  kwh
  9PM 2-Aug-2014__0.461  kwh 
 3AM Friday 25th-Apr-2014__0.055 kwh 
 7AM  12th-May-2014__0.662  kwh  
5PM   13-Sep-2014___0.617  kwh
  __12 AM   Sun 19-Jan-2014__1.296 kwh
  4AM   Sunday 19-Jan-2014___0.564kwh  
_1PM  Sat 13-Dec-2014___0.653 kwh 
__8AM   26-Feb-2014____0.394 kwh  
 __11PM 15th-Aug-2014____1.068kwh 
  _5AM   22nd-Sep-2014___0.678kwh  
 3AM  31-Mar-2014_0.134 kwh
 _2PM  22-Jul-2014___0.922kwh  
  __6PM Wednesday 15-Jan-2014____2.576  kwh
  10 PM 25th-Aug-2014_0.60kwh  
6AM   Sun 24-Aug-2014___1.056  kwh  
 _9PM   Wednesday 26-Feb-2014___0.655kwh
 __10AM  28-Sep-2014_0.378  kwh
_2PM 15-Sep-2014_0.252kwh  
  5PM   Tuesday 21-Oct-2014____0.866  kwh 
  __3 PM Friday 27-Jun-2014__0.727  kwh
_2AM  Thu 10th-Jul-2014_0.499  kwh 
__2PM  20th-Oct-2014_0.247 kwh 
12PM  02-Apr-2014___0.125kwh
11PM  Fri 4-Jul-2014_2.184 kwh
_2 PM  31-Dec-2014__0.488 kwh  
__4AM   2-Oct-2014____0.108  kwh  
 _1PM  Mon 02nd-Jun-2014____0.605 kwh
  _11AM  4-Feb-2014__0.612  kwh 
_8AM   23-Jun-2014____0.85kwh  
  _1 AM   Tue 21st-Jan-2014_0.34  kwh 
  __1 AM  Tue 8-Apr-2014__0.071 kwh
  3AM 20th-Nov-2014__0.097  kwh
_9AM  Fri 29th-Aug-2014_0.374  kwh 
 _6AM   Fri 5th-Sep-2014_0.958  kwh  
 6PM   7-Apr-2014__0.458 kwh 
 _9PM   22nd-Oct-2014__0.364  kwh
  2AM 18-Dec-2014____0.249  kwh  
  _5 AM   20-Jan-2014__2.09kwh
__10AM 17th-Dec-2014__0.502 kwh 
 __4PM Thu 18th-Sep-2014__0.294  kwh  
 2 AM  24-Mar-2014__0.162  kwh 
_2PM  19-Oct-2014___0.518 kwh  
 _6 PM Sun 30th-Nov-2014___0.834  kwh
__4AM   Friday 5-Sep-2014_0.141kwh
 11AM   28th-Dec-2014_0.70 kwh
_11AM  14th-May-2014_0.368 kwh  
__3PM 06-Aug-2014__0.538 kwh
  _6AM  19th-Jan-2014_1.888  kwh 
 __11AM   Mon 10th-Feb-2014____0.54  kwh  
__4PM  27-Sep-2014___0.712  kwh  
_7 PM   Fri 28-Feb-2014_2.419  kwh 
11AM   09th-Dec-2014__0.589kwh  
_8 PM   Sat 05-Apr-2014____0.491  kwh 
 2PM  Monday 22nd-Dec-2014____0.484kwh
 __7AM  Sun 26th-Oct-2014__0.72kwh  
 _7 PM   Mon 24th-Nov-2014___0.794 kwh  
  _9 AM  Sun 09-Feb-2014__1.102  kwh  
 _5PM   15-Sep-2014__1.037 kwh  
 11PM  Sun 7-Dec-2014___0.446kwh
  _10PM   25-Mar-2014_0.404kwh
 __7AM 11-Feb-2014___1.285  kwh 
_9PM   26th-Mar-2014__0.475 kwh
  12 AM Sun 7th-Sep-2014__0.504kwh
 10PM   07-Jul-2014____1.056  kwh  
_6PM 14th-May-2014_0.986kwh 
 6 PM   24th-Nov-2014__0.693kwh
  5PM   Tuesday 08-Jul-2014_3.307kwh 
__9 AM   Tuesday 22-Jul-2014___0.662  kwh  
__2PM Saturday 7th-Jun-2014__1.195kwh  
9AM  Sat 29th-Nov-2014____0.373 kwh
 _1AM 27th-Jul-2014___0.828  kwh 
 __9 AM   30-Aug-2014_0.994  kwh  
2 PM  4-May-2014_0.768kwh 
7 AM   Tuesday 22-Jul-2014__2.268kwh 
 1AM  Sun 1-Jun-2014__0.443 kwh 
  4PM   Tue 14th-Oct-2014_0.288kwh
  __12 PM   24th-Jan-2014_1.13kwh
 __3AM 23rd-Jul-2014____0.446  kwh  
  8PM   06th-Feb-2014___2.131 kwh
_12AM  Wed 23-Apr-2014__0.088 kwh  
_12PM  Wed 10-Sep-2014____0.322 kwh
  __2PM Saturday 24-May-2014____0.602  kwh 
  11 PM  15-Mar-2014____0.688  kwh  
 5PM   Sat 08th-Feb-2014___1.091 kwh
  6PM   Sat 9th-Aug-2014__2.268 kwh
__4 AM  28th-Feb-2014_0.218 kwh 
8AM   27th-Aug-2014____0.576 kwh
5 AM   Wednesday 26th-Mar-2014____0.95kwh
_1PM  Sun 9-Nov-2014___0.286  kwh
  6PM 12-Jul-2014_4.32  kwh  
 __6PM   9-Oct-2014__0.89kwh  
  _11AM 29-Mar-2014_0.408  kwh  
_2PM  Thu 11th-Sep-2014_0.246  kwh 
__2AM   15th-Dec-2014__0.218kwh
 __9 PM Sun 02nd-Nov-2014____0.289 kwh  
_8AM  Wednesday 16th-Apr-2014___0.138  kwh 
  _2 PM   13th-May-2014_0.349kwh  
  __9 PM  Tue 04-Mar-2014_0.389 kwh 
 _10AM  10-Feb-2014____0.49 kwh
11PM   25th-Nov-2014__0.196 kwh  
  _3AM  28th-Oct-2014_0.115kwh
__4 PM   22-Jul-2014___0.893 kwh  
  __1 PM  Thu 30-Jan-2014__0.96  kwh  
__11AM 14th-Jan-2014___0.92kwh 
  5PM  Tue 12th-Aug-2014___1.81 kwh  
  12AM  01-Oct-2014__0.149 kwh  
  _2PM  Wed 6-Aug-2014__0.499kwh
__3AM  25th-Nov-2014_0.076kwh  
4PM Sun 01st-Jun-2014___1.669kwh  
4PM 4th-May-2014____0.713  kwh  
4AM   19th-Apr-2014__0.081  kwh 
_6PM  Wed 05-Nov-2014___0.643 kwh 
  11 AM Sun 17-Aug-2014____0.742 kwh 
  _5PM  18th-Oct-2014____0.459 kwh 
8PM   Thu 13-Feb-2014_1.824 kwh
 _10AM   Tuesday 14th-Jan-2014__0.648kwh  
  9PM   23-Aug-2014__0.533kwh 
__11PM  Wed 15th-Jan-2014_0.86  kwh
_1 AM Sun 23rd-Nov-2014____0.147  kwh  
3AM  14th-Apr-2014_0.064 kwh  
 11 PM 03-Sep-2014____0.333 kwh
 _9PM   25-Apr-2014_0.132kwh 
  6PM   31-Jan-2014__3.052kwh
 __5 AM   Mon 17th-Mar-2014__1.012  kwh
 _5 PM  15-Mar-2014_0.742 kwh  
 11AM  24th-Jul-2014__1.32  kwh 
 _6PM 29th-Aug-2014___1.915  kwh 
 _9 PM   Tue 18-Mar-2014_0.504  kwh  
  3AM Fri 24th-Oct-2014___0.113kwh  
  _4AM  Sunday 13th-Apr-2014__0.098 kwh 
  _3 PM 19th-Jul-2014___2.527kwh  
  _3 AM Sunday 13th-Apr-2014___0.099  kwh  
9PM   11th-Dec-2014___0.772  kwh 
__7 AM 12th-Aug-2014___0.961kwh  
  10 AM Tuesday 5-Aug-2014__0.446 kwh
8PM Monday 12th-May-2014____1.242  kwh
  __1AM 13th-Mar-2014__0.17 kwh
 __4 AM   Wednesday 27-Aug-2014_0.24kwh  
 11PM 14th-Dec-2014_0.55 kwh  
  _1 AM 21st-Dec-2014____0.323 kwh  
  7PM   01-May-2014___1.31kwh 
  5PM   04th-Feb-2014_1.373kwh
_7AM Tue 20-May-2014_0.742  kwh
__10PM 21st-Dec-2014___0.583  kwh  
_1AM   Sat 27th-Sep-2014__0.189kwh  
 _12AM  24th-Oct-2014___0.182 kwh  
 _5PM 1st-Feb-2014__1.285  kwh
 __3PM   Fri 07-Nov-2014___0.216 kwh 
  _3AM 01-Aug-2014_0.264  kwh  
8AM  Fri 10th-Oct-2014____0.206kwh 
__5PM   9th-Sep-2014___0.774 kwh 
8 AM   30-Mar-2014____0.946 kwh
12AM  15-Jan-2014____0.618 kwh  
__4 PM  Wednesday 19th-Feb-2014___0.408  kwh
 _1 PM  15-Feb-2014_0.655kwh  
11PM 26-Jul-2014____2.328kwh
  4 AM 4th-Jun-2014_0.428 kwh
11AM   2-Nov-2014____0.259kwh
  _6PM   Fri 14-Nov-2014_0.687  kwh  
  3PM   24-May-2014___0.59kwh
 6AM   Mon 07th-Jul-2014__2.938kwh 
 11AM  17-Apr-2014__0.122  kwh 
  7AM Thursday 27-Feb-2014____1.091 kwh
  1 AM 26-Sep-2014_0.164 kwh
__1 PM   Sun 11-May-2014_0.475kwh
__5PM Wed 08th-Oct-2014__0.733kwh
 __10AM   Sat 24-May-2014___0.451 kwh  
  __3AM 2nd-Aug-2014____0.367 kwh  
 _2AM 17th-Sep-2014__0.115  kwh 
 7 AM  14th-Aug-2014___0.95kwh
7AM   9th-Nov-2014_0.632  kwh  
__9AM  15-May-2014____0.197  kwh
 __12AM   Fri 8-Aug-2014____0.367  kwh  
__1AM  5th-Oct-2014____0.211kwh
__5PM   Monday 3rd-Mar-2014_0.988  kwh
 _5PM   18-May-2014___0.619  kwh
  _3 PM Fri 14-Mar-2014____0.378kwh
 _5AM  Fri 04th-Jul-2014____3.062kwh
 7PM 11th-Jan-2014_3.888kwh  
_3PM  04th-May-2014__0.605  kwh 
__5 AM   Wed 17th-Dec-2014__1.004 kwh  
 11 PM  28th-Dec-2014___0.512 kwh
_2PM 17th-Apr-2014____0.142  kwh 
 7PM Mon 10-Feb-2014___2.117  kwh 
_8AM   Friday 11th-Jul-2014__0.902kwh 
 _5 AM  Mon 8th-Sep-2014___0.67  kwh 
  __12 PM Sunday 30th-Mar-2014__0.408kwh  
7AM Monday 16th-Jun-2014_1.312 kwh
 __5PM   Mon 31st-Mar-2014_0.832kwh 
2 AM  Monday 31-Mar-2014___0.162kwh
__3 AM Tuesday 16-Dec-2014___0.24  kwh
 __7PM  22nd-Apr-2014____0.535  kwh
_4AM 16-Jun-2014____0.335  kwh  
_6PM   14-Oct-2014___0.781  kwh
  5PM  Tuesday 8-Apr-2014___0.351kwh  
  __6 PM  Wed 15-Oct-2014____0.764  kwh 
_2 AM  Monday 6th-Jan-2014_0.364  kwh
8AM  Monday 30-Jun-2014__0.742kwh
3AM  Tuesday 13-May-2014_0.163kwh
  __8PM 6-Oct-2014___1.008kwh  
__7AM  Wed 19-Feb-2014___0.929kwh
__8PM 12-Oct-2014___0.961  kwh  
  3 AM 14th-Dec-2014___0.37  kwh  
_3AM 17-Apr-2014__0.051 kwh  
__7 PM 17th-Nov-2014__0.899 kwh
  11AM   08-Aug-2014__0.636  kwh  
__8PM   2nd-Nov-2014____0.859 kwh 
  _2 AM  26-Dec-2014____0.189kwh  
 _2AM   06-Sep-2014__0.218 kwh 
__10AM   Friday 11th-Jul-2014__0.864kwh
_6AM   Friday 14th-Feb-2014____1.44  kwh
9PM  6-Dec-2014__0.515kwh 
 _12 AM 14th-Feb-2014_0.32  kwh  
  7PM  13th-Mar-2014__1.656  kwh
_3AM   Wednesday 04-Jun-2014____0.414 kwh  
 __7 PM   Thu 25th-Dec-2014__1.881 kwh
12 AM   Tuesday 24th-Jun-2014_0.572  kwh  
  _3AM Tue 11th-Feb-2014____0.245  kwh 
  _5 AM Sat 18-Oct-2014___0.209  kwh
  _2PM  19th-Sep-2014__0.277  kwh  
_7AM   5-Feb-2014__1.048kwh  
__8PM   Thu 30th-Oct-2014__0.912kwh 
 3AM 18-May-2014_0.276kwh
 _2 AM  4th-Jun-2014___0.317kwh
 11AM   11th-Nov-2014____0.20 kwh 
  7PM  Fri 18-Apr-2014___0.556 kwh 
 _11PM  Mon 23-Jun-2014__1.044  kwh 
  11AM   Sun 9-Mar-2014____0.437kwh  
  _12 AM  Thu 10th-Apr-2014_0.104  kwh 
 8 PM   10-Aug-2014_2.268 kwh  
_2 AM 3-Aug-2014__0.374kwh  
_1PM  6th-Oct-2014_0.202  kwh  
 _4AM  20-Sep-2014___0.25 kwh
  _2AM  Sat 19th-Jul-2014__0.828kwh
__10PM 23rd-Nov-2014____0.254  kwh 
 __12 AM Mon 20th-Oct-2014____0.187  kwh
 4AM Monday 17th-Mar-2014__0.131 kwh  
 _9 PM  30-May-2014____0.368 kwh  
_3PM 9-Oct-2014___0.235kwh
  __11PM   03rd-May-2014____0.776  kwh
__8PM  25-Nov-2014_0.677  kwh
 _9 PM   Thu 18th-Sep-2014___0.504  kwh  
 _3AM Fri 12-Sep-2014_0.147kwh 
 _1PM   Tuesday 6th-May-2014__0.346 kwh
__2 PM  Wednesday 5-Nov-2014__0.209kwh
10AM  25-Jun-2014__0.778 kwh  
_9PM   Monday 22nd-Sep-2014____0.395 kwh 
 __9PM   Monday 13-Oct-2014___0.382  kwh
12 PM   11th-Dec-2014____0.501  kwh
7AM   20th-Jul-2014____3.254kwh 
  _4 PM Tue 07-Oct-2014__0.242 kwh
_3 PM 31-Jul-2014___0.989 kwh
__6PM  Sun 1-Jun-2014__3.791  kwh  
5 PM  Wed 4-Jun-2014____2.738  kwh
 _5PM 22nd-Nov-2014___0.478 kwh
8 PM  Fri 23-May-2014____1.152kwh 
  12 PM  Wednesday 11th-Jun-2014___0.927 kwh  
  9AM   4-Feb-2014__0.36  kwh  
  _7AM   6th-Sep-2014__0.697kwh
 4AM 01-Jul-2014___0.442  kwh  
_10AM   Sat 29th-Nov-2014___0.267kwh  
__12AM   19-Feb-2014___0.292 kwh
  __6AM  Thu 27-Feb-2014_1.555 kwh 
  _1PM 28-Aug-2014__0.499  kwh
_9PM  Mon 26-May-2014____0.571kwh 
 2AM   Monday 28th-Apr-2014___0.058 kwh
  __4 PM   Fri 5th-Sep-2014__0.322 kwh 
__7 PM Wed 13th-Aug-2014__2.074 kwh  
__10AM  Fri 21st-Nov-2014__0.144kwh 
_3 AM 15th-Jul-2014__0.384 kwh  
_10PM   Tue 04-Mar-2014_0.392  kwh
_11AM Wed 22nd-Oct-2014_0.357  kwh  
  __10 AM   Tuesday 16-Dec-2014_0.378  kwh  
__9PM 31-Jul-2014_1.382  kwh  
7AM  Mon 7th-Apr-2014____0.321kwh
  _5 AM   Wed 24-Sep-2014___0.793 kwh 
 _8 AM   Thu 16th-Oct-2014___0.216  kwh
_5PM   Monday 15-Dec-2014____1.602  kwh  
_6 AM 28th-Jun-2014_1.411  kwh
  _8PM Tue 9-Dec-2014___1.69kwh
2PM   10th-May-2014____0.576kwh
__12PM  20-Mar-2014___0.476  kwh 
5AM  2-Jul-2014____2.825  kwh
11AM 12th-Dec-2014__0.506kwh
_11 PM  16-Nov-2014_0.232  kwh 
 __10AM 03-May-2014_0.466kwh  
 2 AM 27th-Jun-2014____0.389kwh
  11AM Sun 16th-Feb-2014___0.641kwh
  11AM Wed 30-Apr-2014_0.18kwh 
_10PM   3-Jul-2014___1.20 kwh  
11AM  8-Dec-2014_0.512  kwh 
 3 AM   Fri 19-Dec-2014___0.176kwh  
_12PM  Wed 17th-Sep-2014__0.371 kwh 
__1AM   Sat 27-Dec-2014_0.33 kwh 
  6PM Sat 27-Sep-2014___1.512kwh
 _3 AM   31-Oct-2014__0.118kwh 
  __10 AM   12-Dec-2014____0.493  kwh 
_1AM   Wed 19-Mar-2014___0.165kwh 
__5AM   Mon 22nd-Dec-2014____1.416kwh 
4AM  Saturday 22-Nov-2014____0.15kwh  
8 PM  Fri 29-Aug-2014__1.882  kwh
  _4AM  10-Aug-2014__0.41 kwh
 5PM   29-Dec-2014____1.516 kwh
 2AM Sunday 18-May-2014____0.259 kwh
_11PM Wed 27-Aug-2014_0.576kwh
  _7PM   08-Jan-2014____3.492kwh
__4AM Sun 28th-Dec-2014___0.376kwh
  3PM  25th-Oct-2014____0.481kwh 
12 PM   23-Mar-2014____0.48 kwh 
8 AM   03-Jul-2014___0.96 kwh 
_11PM  21st-Mar-2014_0.928  kwh
 __1PM  30th-Apr-2014____0.125  kwh
  __3PM 18th-Dec-2014____0.493 kwh 
11PM   10th-Mar-2014__0.452  kwh  
__2AM   Tue 25-Nov-2014__0.073  kwh 
5PM   23-Nov-2014_0.381 kwh 
__10PM Thu 11-Dec-2014_0.484  kwh 
  __9PM Sun 8-Jun-2014____0.983kwh 
__4 AM   12-Feb-2014_0.278  kwh
  __1 AM Sat 31st-May-2014_0.271 kwh
__2 PM 14th-Dec-2014__0.933  kwh 
  __8PM   Mon 20th-Jan-2014___3.648kwh
_3 PM   1st-Jun-2014___1.782 kwh  
_6PM  03-Nov-2014___0.687 kwh  
_11PM Monday 22-Sep-2014____0.417  kwh
  __5PM  Sun 24-Aug-2014____1.112 kwh 
 9AM Tue 17-Jun-2014___0.61 kwh 
  _10 AM  Tue 10-Jun-2014____0.698  kwh 
  _9AM   Thu 18th-Sep-2014_0.179kwh 
_3 PM 14-Sep-2014_0.643kwh  
  _8PM Mon 23-Jun-2014____2.592 kwh 
 __4PM Monday 14-Apr-2014_0.116  kwh
 8 PM  Tue 4th-Nov-2014____0.814 kwh
__12 AM   25-Feb-2014__0.356 kwh  
__4 PM   26-Dec-2014____0.422 kwh
10AM   Thursday 17th-Jul-2014___0.883  kwh  
 3 AM Monday 26th-May-2014_0.19kwh  
 _3AM  22-May-2014__0.146  kwh  
 _4PM   20-Aug-2014__0.442  kwh
 __2 AM 8-Jul-2014_0.528kwh 
 11AM   12-Aug-2014__0.714 kwh 
8PM  1-Sep-2014____1.21 kwh  
  __2AM  Fri 7-Nov-2014__0.074 kwh
1 AM   04th-Jun-2014__0.313 kwh  
  __6AM  Friday 17-Oct-2014__0.727kwh 
 6 PM Sun 23rd-Nov-2014__0.948  kwh 
  2AM 7-May-2014____0.134 kwh  
  _2PM  Monday 28-Apr-2014_0.114  kwh
 _12AM 19th-Apr-2014___0.204kwh
 _9AM  Thursday 17-Jul-2014___0.684  kwh 
__10 AM   Thu 10th-Jul-2014__0.797 kwh  
 _8AM 24th-Aug-2014_1.794 kwh  
__7PM  9-May-2014____1.685  kwh 
__10 PM  Fri 10-Oct-2014___0.349  kwh  
12AM   25-Nov-2014_0.162 kwh 
  _5AM 21st-Sep-2014____0.185 kwh  
  8PM  Sat 06th-Dec-2014__2.218kwh 
 __9AM  Tuesday 14-Oct-2014____0.207kwh
_1PM  30-Dec-2014_0.392kwh 
__10PM  9-Nov-2014_0.25 kwh 
  __5 AM  31st-May-2014____0.216kwh 
  __11AM  24-Sep-2014_0.28  kwh 
  3PM  Thursday 2nd-Oct-2014__0.245kwh 
 2PM   9th-Sep-2014__0.291kwh 
 _2PM  15-Dec-2014__0.409 kwh  
 __6PM   Fri 31-Oct-2014___0.966kwh 
__9 PM Sunday 16-Feb-2014___0.742kwh
 _11AM  1st-Jan-2014___0.83 kwh  
  11AM  27-May-2014__0.384kwh 
_4AM  20th-Jan-2014____0.468kwh 
 8AM   27-Jul-2014___2.87kwh
 4AM   Wed 10th-Sep-2014_0.157 kwh 
  4AM  23rd-Jun-2014___0.328kwh  
 __6AM  Thu 07-Aug-2014___1.339kwh 
7 AM 05th-Sep-2014____0.636kwh 
__3 PM  8-Mar-2014____0.821  kwh  
  _11 PM  Wednesday 19th-Nov-2014__0.191 kwh
  1PM   29th-Dec-2014_0.497  kwh
_1 AM 8th-Mar-2014_0.245kwh  
 __2PM   Fri 14-Feb-2014__0.571kwh  
_8AM   10-Nov-2014___0.144 kwh
2 PM  29th-Mar-2014__0.525  kwh 
 _10AM  16-Feb-2014___0.662  kwh  
  __5 PM  Thu 17-Apr-2014___0.468 kwh 
  __3PM   08-Sep-2014___0.23 kwh 
  12 AM   11-Jun-2014____0.513kwh  
 _1AM  Wednesday 30th-Apr-2014____0.068 kwh
 __4 PM 23rd-Dec-2014_0.361  kwh 
8PM 09-Oct-2014_1.142kwh 
3 AM  11th-Dec-2014___0.229  kwh 
  __8 AM   Fri 12th-Dec-2014___0.431 kwh  
  _3PM Mon 21-Jul-2014_0.816kwh
  12AM   Tuesday 18th-Mar-2014_0.233 kwh 
  _1 AM   Fri 16th-May-2014___0.17 kwh 
  12PM 13-Mar-2014___0.48 kwh  
  __10AM Fri 25-Jul-2014___1.085 kwh
__8 AM   Sat 7-Jun-2014__2.644kwh
 _7PM Sat 24th-May-2014__1.714  kwh
11PM   19th-Jun-2014_0.882 kwh  
  __1PM   5th-Apr-2014_0.193kwh 
 __3PM Monday 1-Sep-2014____0.255kwh  
  5PM Fri 14th-Feb-2014__1.404  kwh  
__10AM 1st-May-2014__0.256  kwh  
 _6AM  17-Mar-2014_0.864  kwh  
_6AM 4th-Sep-2014___0.823kwh
__12PM   17-Oct-2014____0.333kwh 
6PM  04-Apr-2014____0.454kwh 
  9AM 23rd-Oct-2014____0.162 kwh 
_6 AM   Sunday 12-Oct-2014_0.432 kwh
  _5 AM  12th-Nov-2014__0.589  kwh
_2AM  12-May-2014__0.13 kwh 
  _3 PM Sat 26-Apr-2014__0.286  kwh 
_3 AM Tue 12-Aug-2014___0.226kwh
  __6 PM   25th-Mar-2014_1.109kwh
11PM Tue 15-Jul-2014__0.96 kwh  
2PM   22-May-2014____0.349  kwh  
 _4AM   13-Jan-2014__0.34kwh  
  __9AM 01st-Apr-2014_0.078 kwh  
 _7AM  Sunday 26th-Jan-2014_1.968  kwh
 10 AM   13-Sep-2014___0.399 kwh 
  __2PM  Sunday 16-Feb-2014____1.037kwh
  _5 AM Thursday 31st-Jul-2014__2.35  kwh
 _6PM  6-Oct-2014__0.697kwh 
  __5 PM   Sun 16-Nov-2014_0.409  kwh
_3AM  1-Apr-2014____0.064 kwh  
 8 AM   Saturday 17-May-2014__1.144  kwh
 _2PM  3rd-Apr-2014____0.14  kwh
  7PM  21-Oct-2014___1.015kwh 
_5PM  Wed 12th-Nov-2014__0.673kwh 
 6 AM Mon 28-Jul-2014_2.765  kwh 
_7AM  15-Jun-2014___2.117  kwh  
8 PM   Monday 13th-Oct-2014_0.874 kwh
__12 AM 1st-Feb-2014_0.922  kwh
 _11 PM  25-Oct-2014__0.588 kwh  
 __12PM   Wed 13th-Aug-2014____0.546  kwh  
__10PM 13th-Dec-2014_0.444 kwh  
  _6PM   Friday 21-Nov-2014____0.674 kwh  
  1PM 7-Aug-2014_0.499kwh
11PM   16-Aug-2014__1.008 kwh  
6AM Friday 09th-May-2014_1.123 kwh  
  _6PM   27th-Jun-2014____2.47kwh 
__8PM 02-Sep-2014_1.176kwh
  5 PM 7-Sep-2014__0.605kwh  
__1 AM Thu 5-Jun-2014____0.414  kwh 
7AM Tue 18-Mar-2014_0.742kwh 
  _7AM  Thursday 25-Dec-2014_0.851kwh  
  __10PM  Wed 02-Jul-2014___1.116 kwh  
3PM Fri 21st-Nov-2014__0.164kwh
  4 AM 26-Jun-2014_0.418kwh
  __12 AM Fri 14-Nov-2014___0.146  kwh  
3AM  Wed 06-Aug-2014___0.214kwh 
  11PM   25-Sep-2014___0.294  kwh
 _2 PM   18th-Oct-2014____0.509kwh 
_1 AM   8th-May-2014__0.19  kwh  
  __4AM 15-Dec-2014___0.20  kwh
 __2 PM 5-Aug-2014__0.432 kwh 
  __12AM Mon 28th-Jul-2014__0.626kwh
  _7PM  23-Apr-2014___0.454 kwh
4PM 6-Jul-2014___1.987 kwh 
 3PM 16-May-2014_0.349 kwh  
_3PM  Sun 6th-Jul-2014_1.814 kwh 
_9PM Wed 20th-Aug-2014___0.67  kwh  
 5 PM 05-Dec-2014____1.473 kwh 
 _11PM 2-Sep-2014__0.343  kwh 
 _2AM Tue 13-May-2014___0.146  kwh 
  4AM   31st-Jul-2014_0.456kwh
  __8AM  24-Nov-2014__0.20 kwh 
__9PM  28-Dec-2014___0.719 kwh
 9AM   28-Jun-2014____1.685  kwh  
  __8AM 13th-Dec-2014___1.544kwh  
  _9 AM   01st-Jan-2014____0.51 kwh 
 __5 AM 08-Apr-2014___0.389  kwh  
4PM   6-Sep-2014___0.617 kwh 
 3AM   2nd-Jun-2014___0.389  kwh
 _8PM   9-Apr-2014_0.475kwh 
 3AM Fri 05th-Sep-2014___0.125kwh
  _12AM  20-Sep-2014____0.538 kwh 
 _12PM   Mon 31st-Mar-2014__0.476kwh
_11 PM  Tuesday 7-Oct-2014_0.258kwh  
  8PM 17-Oct-2014___0.864kwh 
__5AM 21-Jan-2014___2.508 kwh 
  __7 AM Fri 25-Jul-2014__1.987  kwh
_4PM Sunday 19th-Oct-2014____0.643kwh
  __3AM  21st-Apr-2014_0.061 kwh
5 AM Tue 28-Oct-2014____0.64  kwh 
  8AM Fri 8th-Aug-2014_0.394 kwh  
__2PM  Sunday 23rd-Mar-2014____0.768 kwh
 __5AM 28th-Jan-2014___1.98  kwh
 1 AM  02nd-Sep-2014__0.113 kwh  
_3 PM 15-Jun-2014__1.912  kwh  
 3 PM  28th-Mar-2014__0.259kwh 
__4PM 12th-Sep-2014__0.255kwh
__5 PM   Sun 26-Oct-2014_0.486 kwh 
__5AM Thu 19-Jun-2014____1.98  kwh  
1PM Sat 27-Dec-2014____0.601 kwh
  5AM  8-Oct-2014____0.693 kwh  
  4PM  Tuesday 27th-May-2014___0.31  kwh  
3 AM   17-Jun-2014_0.31kwh 
 1AM   Tue 15th-Jul-2014__0.475 kwh
__12PM 25-Oct-2014____0.378 kwh
  5 PM   Mon 1-Dec-2014___1.401 kwh  
4AM  14th-Jun-2014_0.508 kwh
  __10 PM   09th-Oct-2014___0.267kwh 
 __1PM  Friday 23-May-2014__0.358 kwh 
 __6PM Wed 8-Oct-2014____0.941kwh  
 __6AM 8th-Sep-2014_0.949kwh  
 3 PM  29-Jun-2014__1.782 kwh 
 7 AM Mon 22nd-Dec-2014__1.04  kwh 
_12AM  Tue 22nd-Jul-2014____0.842  kwh  
4AM  Wednesday 2-Jul-2014____0.413kwh  
7AM Friday 26th-Sep-2014___0.624kwh  
5 PM  Monday 20-Oct-2014____0.663  kwh 
10PM   22-May-2014____0.468kwh  
5 PM  11-Dec-2014____1.487 kwh 
5AM Fri 31-Jan-2014____1.848  kwh  
  _4 AM Saturday 19th-Jul-2014_0.828  kwh 
 __10 AM   Mon 17th-Feb-2014____0.475  kwh  
  __6 AM  Thursday 06-Feb-2014_1.67 kwh
  7 PM Fri 18-Jul-2014____3.672 kwh
 _1AM Fri 06th-Jun-2014_0.306kwh  
  _3 PM  Sat 18th-Jan-2014_1.638kwh
 __4AM 26th-Oct-2014____0.167 kwh  
  __4PM Sun 26th-Oct-2014__0.594 kwh  
  _5AM   Sun 5-Jan-2014__0.618 kwh  
 _6 AM 18th-Mar-2014__1.142kwh  
__7AM  Tuesday 8th-Jul-2014_2.16  kwh 
 _12 PM  Wed 02-Jul-2014__1.32 kwh  
  9 AM 19-Aug-2014____0.295  kwh 
 _9AM 2nd-Feb-2014___1.112kwh 
__7PM   Tue 06th-May-2014____1.339  kwh  
__10AM   27-Jun-2014_0.778  kwh 
 _5AM  28-Jul-2014___2.402 kwh
_1AM   Wed 7-May-2014___0.144 kwh
 _12 PM  19-Oct-2014__0.295kwh 
 __7PM   13th-Oct-2014__1.069 kwh
_6AM 10-Sep-2014__0.941kwh
__11AM  Thu 23-Jan-2014___1.20 kwh  
_2AM 20-Oct-2014___0.13  kwh  
 _3PM   28-Aug-2014__0.566 kwh
 __6 PM  Wednesday 26-Feb-2014____1.344  kwh 
 __12PM   Monday 01-Sep-2014_0.294kwh
  __12AM 10th-Aug-2014_0.768 kwh
  12PM Tue 30-Sep-2014___0.322 kwh  
__1PM  Monday 15th-Sep-2014__0.23 kwh 
 _10AM   30-Oct-2014_0.281 kwh
  __5 AM  24th-Aug-2014_0.349kwh  
  _6 PM  14-Jun-2014____3.143 kwh  
_12 AM   Thu 6th-Mar-2014____0.257  kwh  
 8PM  Thu 11th-Sep-2014___1.333  kwh 
  __3 AM 4th-Sep-2014___0.12 kwh
__6AM 21-May-2014__0.826 kwh  
2 AM   2-Jun-2014____0.292 kwh
_9AM 6-Mar-2014__0.242 kwh  
__3 PM 16th-Sep-2014____0.333kwh  
  _10AM   Sunday 25th-May-2014__0.437kwh 
_2PM  Wed 12-Mar-2014_0.32kwh  
  2PM   07-Apr-2014_0.142 kwh  
  _11PM  10th-Jan-2014__1.62  kwh  
 __12PM  Mon 22nd-Sep-2014____0.35kwh  
 2PM   Wed 5th-Feb-2014___0.562kwh 
7PM Wed 05th-Mar-2014__1.714  kwh
  __9PM   Wed 15-Jan-2014___1.368  kwh  
10 AM  Mon 22nd-Sep-2014___0.288kwh 
 8 AM Thu 23rd-Oct-2014____0.283 kwh
  9 PM   Fri 31-Jan-2014_0.76 kwh
_9AM Friday 21-Nov-2014____0.112 kwh 
__2AM 7th-Jan-2014_0.416 kwh  
 __11AM 5th-Sep-2014____0.378kwh 
 __1 AM   Tue 23rd-Dec-2014_0.242 kwh  
  2 PM   Monday 17th-Nov-2014_0.184 kwh  
 _12AM   Mon 19th-May-2014____0.288kwh  
  __7PM   15-Oct-2014___1.134  kwh
  11PM Friday 17-Oct-2014____0.552  kwh  
 __4 AM  Tuesday 7th-Oct-2014_0.108  kwh
 _10 AM Sat 15-Mar-2014___0.49 kwh
 _1PM  21st-Jul-2014__0.806  kwh 
  6AM   21-Apr-2014__0.313  kwh 
  6 AM Wed 6th-Aug-2014____1.57 kwh 
 10PM Thu 28-Aug-2014____0.678kwh  
__8AM   24-Jun-2014_0.806 kwh
  12AM   15th-Apr-2014_0.09  kwh  
 __4AM  Sat 24th-May-2014___0.235  kwh
 __11AM Fri 15th-Aug-2014__0.672 kwh  
  __2 PM  Sat 08-Nov-2014____0.306kwh  
  __6AM   28-May-2014___1.008  kwh 
__5AM   Tue 26th-Aug-2014____1.214  kwh 
 __4PM  7th-Sep-2014__0.662kwh  
_4AM   15-Jan-2014__0.444 kwh 
 5PM  Tue 17-Jun-2014____1.966  kwh 
 _1 AM  1-Aug-2014____0.266  kwh  
__1PM 17th-Nov-2014____0.164 kwh
  __6PM   27-Oct-2014__0.966  kwh  
_8PM 22nd-Sep-2014_0.963kwh 
_8AM   Tue 17-Jun-2014_0.713 kwh  
 9AM  Sat 13-Sep-2014____0.68 kwh  
  __10 PM Wed 3-Dec-2014___0.512kwh  
  _7PM Tue 19th-Aug-2014_2.506kwh
  __9PM   02-Apr-2014_0.178 kwh 
_1 AM 12-Aug-2014_0.223  kwh 
4AM 30-Oct-2014___0.136 kwh 
10AM Wednesday 12-Nov-2014_0.158kwh 
 1AM Tuesday 28-Oct-2014___0.142kwh  
_6 PM   Mon 5-May-2014__1.243  kwh  
  __9PM   Sunday 19-Oct-2014___0.331 kwh  
 9AM  Friday 24-Oct-2014_0.198  kwh  
  _11 AM   26th-Aug-2014__0.534  kwh 
9AM 21st-Jul-2014_0.706  kwh  
 7PM   Sat 1-Nov-2014___0.842kwh 
  __7 PM   Wednesday 10-Sep-2014____1.424  kwh 
 _5PM 26th-Apr-2014_0.275 kwh
__4AM  Tue 8th-Jul-2014_0.509 kwh  
8 AM   06-Jul-2014_3.65 kwh  
_3AM 09th-Dec-2014_0.238  kwh  
__6 PM   1-Jan-2014____2.856kwh  
  7AM  25th-Oct-2014___0.821kwh  
 8PM   21st-Apr-2014_0.475 kwh
__6 PM Sat 1st-Mar-2014__1.57 kwh  
 _4PM   25th-Aug-2014_0.47 kwh
_8PM  Fri 10-Oct-2014____1.075 kwh 
 _4PM 06-Dec-2014____1.109 kwh 
 11PM 19th-Feb-2014_0.588 kwh  
 1PM  19-Sep-2014__0.244 kwh
 11AM Sat 12th-Apr-2014____0.148  kwh
_1AM Tuesday 29-Apr-2014____0.071  kwh
_8AM Mon 1-Dec-2014___0.51kwh
 1AM  Thursday 21st-Aug-2014__0.264  kwh 
3AM   Wed 27-Aug-2014___0.252kwh  
  __12PM 18-Jul-2014_1.068 kwh
__8AM  Sun 02nd-Nov-2014_0.597kwh  
 1AM Wed 3-Sep-2014_0.168kwh 
  __1PM   Wed 22nd-Jan-2014__0.768 kwh
  8 PM  Sat 26-Apr-2014____0.502 kwh  
_4PM  Tue 21st-Jan-2014____0.696kwh
8 PM  Saturday 3rd-May-2014__1.238kwh
  6AM   5-Jul-2014___1.574kwh 
 __10AM  11th-Apr-2014_0.108 kwh  
  1 PM Sat 12th-Jul-2014_1.325  kwh 
8 PM   Fri 26th-Dec-2014___1.654kwh  
  _6PM  Mon 22-Sep-2014___0.813 kwh 
  __3PM   06th-Sep-2014___0.58  kwh 
 2AM  Thu 23-Jan-2014___0.332  kwh  
 _12PM   04th-Jun-2014_0.882 kwh 
  12PM Wednesday 22-Jan-2014___0.85kwh
  10PM   Sunday 14-Sep-2014____0.305  kwh  
_5 PM Tuesday 25th-Feb-2014_1.607kwh  
  _9 AM   26th-Mar-2014__0.197kwh
  9 AM  Monday 30th-Jun-2014__0.551 kwh
__10 PM Sat 12-Apr-2014___0.119 kwh
__8AM 9-Feb-2014____1.716kwh 
__11 AM Mon 1-Sep-2014___0.392kwh  
 __10AM  27th-Apr-2014____0.205 kwh  
  __7 PM Thu 10-Jul-2014___4.363kwh 
 __11PM  Sat 7-Jun-2014____1.602  kwh
  3PM  Thu 13th-Nov-2014_0.153kwh 
 _10 PM   27th-Jun-2014___1.474  kwh 
  10PM  17th-Jun-2014___0.927 kwh
  _6AM  Tue 11th-Mar-2014___1.046 kwh  
  12PM  Sun 12th-Jan-2014__1.056kwh
 10 AM   Tuesday 16th-Sep-2014__0.238kwh 
  _1AM  16-Nov-2014__0.147 kwh
 _1 AM   13th-Nov-2014__0.092kwh
2 AM  Fri 25th-Apr-2014____0.049 kwh 
 _2PM 30-May-2014_0.288  kwh
  _1AM   Thu 25-Dec-2014____0.233kwh 
9PM   31st-Aug-2014___0.799  kwh  
__8AM  Mon 28-Jul-2014_1.027 kwh  
 __9 PM   17-Sep-2014___0.424 kwh
 11PM Sunday 17th-Aug-2014____0.552 kwh
  _9PM  Wed 15th-Oct-2014__0.338kwh 
  4PM Sat 01st-Feb-2014____1.037  kwh  
 10 AM   Tue 9th-Dec-2014____0.462kwh 
  __5 PM 7-Apr-2014_0.316  kwh
 _6AM 27th-Nov-2014___0.61kwh
__8AM 18-Apr-2014___0.116kwh 
  _4 PM  Wed 17th-Sep-2014___0.249 kwh 
__4PM  Sun 28-Sep-2014____0.523 kwh
3AM 12th-Mar-2014____0.173kwh  
  11AM   9-Jan-2014__1.05  kwh
  _5AM   12th-Jul-2014____0.749  kwh 
  _8 PM 11th-Mar-2014____1.05kwh 
  10AM   Friday 26th-Dec-2014__0.37kwh  
4 AM   05-Jan-2014___0.522 kwh  
 __11PM Thu 13th-Nov-2014_0.234kwh  
11 AM 18-Oct-2014__0.31 kwh
 _8 AM   Sunday 19-Oct-2014__0.811  kwh
_8AM Sat 22-Nov-2014__0.614  kwh 
 10AM Tue 23-Dec-2014____0.374kwh
 10 PM 24-Apr-2014____0.168kwh
  __4PM   Sun 13-Jul-2014___2.03kwh  
7PM   8-Jul-2014_3.586  kwh 
  __12AM   07-Apr-2014__0.073  kwh 
  __4 PM  2nd-Aug-2014_1.264kwh 
__5PM   Thursday 9-Jan-2014____2.496  kwh 
 __5 PM Sun 16-Mar-2014__0.727 kwh 
 1 AM Sat 20-Sep-2014___0.223 kwh
 3PM Tue 11th-Feb-2014_0.437kwh  
1AM  21st-Apr-2014____0.05  kwh
9PM  Sun 7th-Dec-2014____0.607 kwh 
 _9 AM 13-Nov-2014__0.112kwh
 _7PM Tuesday 09th-Dec-2014____2.00kwh
  __6 PM Sunday 31-Aug-2014___1.793kwh 
  _8AM   Tuesday 28-Jan-2014____0.712  kwh 
__1 PM Thursday 27-Nov-2014___0.155 kwh 
 __11PM  Tue 09-Dec-2014____0.451 kwh  
  9 PM 25-Mar-2014___0.557kwh
  __3AM 11-Sep-2014_0.134kwh
  __8PM  Tue 18th-Feb-2014__1.901  kwh
 11AM Sunday 2-Mar-2014__0.451kwh
 12 AM   Sunday 4th-May-2014_0.589  kwh  
 8AM   9th-Sep-2014___0.272kwh 
__2 AM  9-Dec-2014___0.202 kwh  
  2PM   21-Feb-2014__0.514 kwh  
  __11 AM  Mon 22nd-Dec-2014__0.567  kwh
 4PM  Saturday 14-Jun-2014____1.814 kwh
6PM 11th-Jan-2014__4.032 kwh 
  __9 AM Sunday 3-Aug-2014__1.123kwh
 _12AM Tuesday 30th-Dec-2014__0.323  kwh
 5PM 15th-Jul-2014___2.496kwh 
__4 AM  18th-Jul-2014___0.557  kwh 
  _7 AM   Sat 10th-May-2014__0.845  kwh
_2PM   22-Sep-2014_0.308kwh
10PM   9th-Jan-2014_1.03  kwh  
_6 PM   18-Nov-2014__0.58  kwh
  _6 AM   Mon 01-Dec-2014__1.056kwh
 8 AM   Mon 29-Sep-2014__0.308 kwh  
__3AM   Sun 26th-Oct-2014___0.184  kwh  
  5 AM Fri 11-Jul-2014____2.983kwh
 3 AM Monday 9-Jun-2014_0.353kwh 
 12 PM Mon 06th-Oct-2014____0.324kwh
__6 PM Thu 18th-Dec-2014__1.34  kwh 
_12 AM  9th-Dec-2014__0.30kwh  
_11 PM   Saturday 18-Oct-2014__0.606 kwh 
  _8AM  9th-Dec-2014____0.44  kwh 
 8 AM 31st-Aug-2014__1.872 kwh 
  __3PM Fri 24-Jan-2014__0.904kwh
2 AM   27th-Dec-2014_0.376  kwh 
  __12AM Wed 9th-Apr-2014_0.077 kwh
_5 PM Sunday 5th-Oct-2014__0.437kwh  
 4AM   27th-Dec-2014___0.274  kwh
  __5PM  12-Dec-2014___1.687kwh  
 _11PM   Friday 21-Feb-2014__1.092  kwh
 _3PM   3-Jun-2014____0.619kwh 
 8 PM  10th-May-2014__1.368 kwh 
 __7PM  Fri 2nd-May-2014__1.181  kwh 
__4PM Sat 15th-Mar-2014_0.67kwh
 __4PM Wed 23-Jul-2014____1.027kwh 
 __6PM Sunday 13-Apr-2014__0.621kwh 
  8AM  21-Oct-2014__0.247kwh 
11PM   Sun 9-Mar-2014_0.344kwh  
_8AM   24th-Dec-2014_0.374  kwh 
 3PM  18-Jul-2014____1.094 kwh 
  _9PM  7th-Nov-2014__0.216  kwh
 3AM  Thursday 4-Dec-2014___0.231  kwh
 __9PM   12-May-2014____0.552  kwh
_8 PM  Mon 18th-Aug-2014____1.824  kwh 
_4AM  28th-Mar-2014___0.19 kwh  
  __11 PM 02nd-Dec-2014__0.484  kwh
  __7 AM 15-Aug-2014_1.004 kwh
2AM 28th-Jul-2014_0.566 kwh
 __10PM   Sun 3rd-Aug-2014__0.486 kwh  
  __4AM   Sun 05th-Oct-2014___0.158 kwh  
__2PM   Sun 16th-Mar-2014____0.749  kwh 
_10PM  Monday 15th-Dec-2014_0.556 kwh 
  7 PM 16th-May-2014____1.454  kwh
 _7 PM   17-Jun-2014__3.143kwh  
  7AM   11th-Jun-2014____1.863 kwh  
 _3AM   Sun 16-Mar-2014____0.209 kwh  
_7 AM   7th-Dec-2014__1.426kwh 
1 PM   Saturday 6-Dec-2014____0.594kwh  
 _7 AM 03rd-Apr-2014____0.275 kwh
_1 PM   28-Jun-2014____0.875  kwh  
_1PM   Monday 20th-Oct-2014____0.254 kwh
7PM   26-Aug-2014___2.182 kwh
8AM Wed 29th-Oct-2014___0.269  kwh 
_5PM  Fri 23-May-2014__1.009kwh 
 2 PM   05-Apr-2014____0.283 kwh
  __5AM   Fri 28th-Nov-2014_0.48 kwh
9AM   11-Jun-2014____0.567 kwh 
 _1AM  Monday 5-May-2014___0.141 kwh
  __12AM  Sunday 9-Nov-2014_0.299 kwh  
 5PM   03-Nov-2014_0.491  kwh 
  _5 PM   19th-May-2014__1.102kwh  
9 AM   Tue 08th-Jul-2014___0.864  kwh
 3 PM Thu 23-Oct-2014___0.202 kwh 
 _11PM  Wed 6th-Aug-2014_0.534 kwh 
_4PM  03-May-2014___0.85  kwh  
  __5AM   Wed 23-Jul-2014__2.429 kwh
 __7PM 7-Jun-2014___2.786 kwh
_5 PM Sun 20-Jul-2014___2.333  kwh 
 _11 PM  Fri 18th-Apr-2014_0.276  kwh  
  __9PM  12-Sep-2014___0.328kwh  
 _11PM  29-Jun-2014__0.738 kwh
__2AM 14-Aug-2014___0.259kwh 
 __7AM   22nd-Feb-2014___1.411 kwh  
 3 AM   9-Mar-2014___0.283kwh 
 _8 PM 27th-Jan-2014_2.976  kwh  
_11 AM Tue 28th-Oct-2014___0.297kwh
  _12PM 10th-May-2014____0.533kwh 
 4AM Fri 10th-Jan-2014_0.356kwh  
_12 AM Tue 1-Apr-2014___0.10kwh  
 __4PM  22-Aug-2014___0.418 kwh 
  8 PM  Mon 30-Jun-2014_2.765  kwh
  __11 PM 22nd-Apr-2014__0.153kwh
  11AM Fri 25-Apr-2014____0.123  kwh
  __6AM 8-Jul-2014___2.765kwh
_7PM 9-Feb-2014____2.074kwh
  __12PM 16-Nov-2014____0.302kwh 
  12AM 16th-Nov-2014__0.31kwh  
_12AM   23rd-May-2014___0.278kwh
__12PM   5-Aug-2014__0.492  kwh
_4PM 31st-May-2014__0.634  kwh
_10PM  Fri 05-Sep-2014__0.539 kwh  
  __2 AM   Sun 26th-Oct-2014____0.146kwh  
_11 AM  Wednesday 31-Dec-2014__0.567kwh
  __7 AM   16th-Jan-2014____2.07 kwh
 __2PM   Thursday 08-May-2014__0.288kwh 
 __11PM   17-Nov-2014__0.225kwh
__7PM   Sun 2nd-Nov-2014____0.648 kwh
 __4PM 12th-Jun-2014___0.806  kwh 
  5 PM   Tue 2-Dec-2014_1.43kwh  
  _9AM 11th-Sep-2014___0.181 kwh
  _5AM  21st-Apr-2014__0.264 kwh
_5PM   Thu 25-Sep-2014___0.774  kwh 
 _10 AM Wed 06-Aug-2014____0.562 kwh  
__1PM   1-Dec-2014__0.352  kwh 
  _2AM   Tue 16th-Sep-2014___0.113  kwh
 6AM 29th-Jul-2014__3.226 kwh 
__6AM   29-May-2014__0.778  kwh  
  5PM   Wed 10th-Sep-2014_0.928 kwh  
  2 AM Sat 29th-Mar-2014____0.197  kwh  
6 PM   Tuesday 24th-Jun-2014___2.47kwh  
  9PM  24-Jan-2014____0.80  kwh 
  __2PM  Mon 04-Aug-2014____0.538 kwh
  __8 AM   23-Aug-2014___1.576 kwh 
__5PM   Tue 29th-Jul-2014__2.964  kwh  
__4 PM Saturday 08th-Feb-2014____1.145  kwh 
_7AM  29th-Jul-2014__1.922  kwh  
8PM 9-Mar-2014__1.382  kwh  
  11 AM 25th-Mar-2014____0.412 kwh  
 _1PM   28-Feb-2014_0.394 kwh  
 8 PM Wed 16th-Jul-2014__4.147  kwh  
1AM Wed 17-Sep-2014__0.133kwh
  _1AM 2nd-Jun-2014__0.378 kwh  
_6AM  Sun 16th-Mar-2014___0.512kwh 
2 AM  Wed 01-Jan-2014_0.332  kwh  
__9PM 26th-Oct-2014____0.306 kwh
7AM Monday 17-Feb-2014___1.112  kwh  
 __7AM   23-Jul-2014_1.879kwh
  6PM   14th-Dec-2014___2.257  kwh
__3AM Sat 19th-Apr-2014____0.099kwh
  __11PM   Wed 1-Oct-2014____0.261  kwh 
  _8AM   24-Jul-2014__1.018  kwh 
  9PM Friday 1-Aug-2014__0.557kwh  
 7AM 16-Feb-2014_1.469 kwh  
 3AM   Fri 21st-Feb-2014___0.25kwh 
  __8PM  25th-Oct-2014____0.972 kwh
 5PM  24-May-2014___0.742kwh 
  __2PM  4-Jan-2014___1.776kwh 
__5 PM  Sunday 14-Dec-2014__1.03  kwh  
8AM  Mon 3-Feb-2014___0.413 kwh
 __10PM  Thu 17th-Jul-2014____1.272  kwh
_11AM  Friday 14th-Mar-2014_0.46kwh 
 __12 PM 12th-Nov-2014_0.223 kwh  
8 AM  13th-Mar-2014__0.272kwh
  __9AM  Wed 7-May-2014_0.218 kwh 
 __4 PM   Tue 17-Jun-2014____0.72  kwh 
  _9AM   Tue 15th-Jul-2014___0.59  kwh  
7PM   5-Apr-2014__0.556  kwh  
__9AM   30th-Apr-2014__0.083kwh  
  __12 AM   Mon 05th-May-2014____0.226kwh  
  9AM 20-Mar-2014___0.262kwh 
  _9PM  24th-Jul-2014___1.152kwh
 _3 AM   29-Jun-2014__0.562 kwh  
 _8AM 9-Aug-2014__1.763kwh 
 _10PM  Fri 08th-Aug-2014_0.806 kwh 
__2PM   Sunday 5-Jan-2014_1.44  kwh 
2PM 19th-May-2014____0.342 kwh
__12PM  08-Oct-2014___0.351 kwh
 6PM  11-Aug-2014___1.814kwh 
 __6PM   26th-Dec-2014____1.355kwh  
 __4PM   18-Dec-2014_0.462  kwh 
__1 AM  28th-May-2014_0.138  kwh 
12 AM Mon 3-Nov-2014_0.157  kwh
 __5PM  23-Sep-2014__0.91 kwh 
 __7AM Wednesday 04-Jun-2014____1.636kwh
4 AM   Monday 3-Mar-2014_0.179kwh
  12 PM  27-Mar-2014___0.42  kwh
 _11AM 12th-Jan-2014____1.128kwh
  _12 PM Tue 21st-Oct-2014___0.351 kwh 
 3PM Mon 29th-Sep-2014____0.336 kwh
 __9 PM Sat 8-Nov-2014_0.162 kwh  
 __8AM   5-May-2014___0.288 kwh 
  12AM   Sat 11th-Jan-2014__1.712kwh 
 _11PM  29th-Mar-2014____0.80  kwh
__5 PM  Thu 3rd-Jul-2014__3.12kwh
 _2AM  27-Nov-2014_0.079  kwh
 _9PM  24-Nov-2014__0.281 kwh 
  __4PM  9th-May-2014___0.272 kwh  
 _6PM   8th-Apr-2014___0.344  kwh 
2AM   12th-Nov-2014____0.107kwh 
__8AM  17th-Jan-2014__0.768kwh  
_4 AM 19-Mar-2014____0.155  kwh
 __10PM  Fri 28-Nov-2014_0.331  kwh 
 _7AM Thu 15th-May-2014_0.583kwh
 8PM  Thu 10-Apr-2014____0.466  kwh  
  1AM  Mon 12-May-2014_0.192 kwh
  _6 AM  22nd-Jul-2014____2.794  kwh  
 1 PM  Thu 6-Mar-2014__0.346  kwh
 2AM  11th-Nov-2014__0.098  kwh
_7PM   Sunday 2nd-Mar-2014_1.526kwh 
 _10 PM   Tuesday 01-Apr-2014_0.135kwh  
 __9PM   Tuesday 4-Feb-2014__0.583  kwh 
  _11PM  Sat 22-Mar-2014___0.672kwh 
  _8 PM 1st-Feb-2014___1.814kwh 
__8PM  13th-Jun-2014_2.477kwh  
  _1 PM  12th-Aug-2014__0.398kwh 
 __3AM   Tue 18-Nov-2014____0.095  kwh  
  _4AM Monday 1-Sep-2014___0.161kwh 
 __1 PM 14-Sep-2014____0.416 kwh
  _3PM Sun 22nd-Jun-2014____1.685kwh  
8PM Fri 3-Jan-2014__2.624  kwh 
8 AM 18th-Oct-2014___0.827 kwh
  8PM   Sat 12th-Jul-2014__3.715kwh  
 _2AM  23-Sep-2014__0.118  kwh 
  __10 AM  1-Mar-2014__0.394  kwh  
_11PM   Thursday 22nd-May-2014__0.356 kwh  
  _7 AM  Saturday 04-Oct-2014_0.641kwh 
__12 PM  Fri 9th-May-2014____0.404  kwh
 __8 PM Tue 29th-Apr-2014_0.403  kwh 
11PM Tuesday 28-Oct-2014__0.348  kwh  
  _4PM  Wed 29-Oct-2014__0.252kwh
  __8AM  Wednesday 07th-May-2014___0.378kwh
  3AM 08-May-2014__0.182  kwh  
_5PM  6-Nov-2014_0.644 kwh 
  3AM   17th-Aug-2014____0.382  kwh
  6 AM 9-Apr-2014__0.421kwh
__8AM   Saturday 22-Mar-2014____0.894  kwh  
 11PM   Fri 28-Feb-2014_1.38  kwh
 __3PM   Mon 16-Jun-2014___0.835  kwh  
  _8AM  27-Dec-2014___1.702  kwh
 2AM  05-Jan-2014___0.654kwh 
 __6PM   19th-Dec-2014__1.725kwh  
__10PM  3rd-Apr-2014__0.171  kwh  
 _7 PM   9-Oct-2014_1.264kwh 
__11AM  Sunday 12-Oct-2014__0.31 kwh 
4 AM  Friday 17-Jan-2014__0.472  kwh 
  3AM 26-Feb-2014_0.283kwh  
 9 PM   2-Oct-2014___0.349  kwh
_6 AM 28th-Aug-2014___1.656kwh
  __1AM  Mon 15th-Dec-2014____0.253  kwh  
  _8PM   01-Mar-2014___1.584 kwh 
12PM   Tue 25th-Mar-2014____0.348  kwh 
  9PM  Fri 13th-Jun-2014___0.648  kwh
3PM Thu 14-Aug-2014____0.562 kwh  
  __2PM Sun 06-Jul-2014__1.632kwh 
  __4PM   19-Jan-2014_1.728 kwh
 __5PM  Tue 18-Mar-2014____0.926 kwh 
 __11AM   10th-Jul-2014___1.428 kwh  
  1AM 08-Jun-2014___0.583  kwh 
_4 PM 12th-Aug-2014_0.528 kwh
_3 PM   Tue 02-Dec-2014___0.458kwh
  3 PM  Wed 12th-Nov-2014____0.20 kwh  
 _10 AM  Tue 17th-Jun-2014__0.641  kwh
12AM Fri 21-Nov-2014_0.15 kwh
  _2AM 21-Feb-2014_0.221  kwh  
  _5AM   27th-Feb-2014__1.188  kwh 
4PM  22nd-Apr-2014__0.113 kwh  
 __10AM 25-Oct-2014_0.425kwh 
 1AM  1st-Nov-2014___0.149 kwh  
3 PM  06th-May-2014___0.278  kwh  
_11 AM   Wed 8-Jan-2014___0.94kwh
  __7 PM   20-Sep-2014___1.121 kwh 
  __10 PM  03rd-Jan-2014_1.302kwh
__3 PM 10-Jun-2014___0.85kwh
 __10 PM   Mon 8-Sep-2014____0.319 kwh 
__9AM  11-Oct-2014_0.583  kwh 
  _1 AM  18th-Jul-2014_0.571  kwh 
 _9AM 8th-Jan-2014_0.582 kwh 
 __10PM Tuesday 14-Oct-2014___0.312kwh  
_3 PM  Wed 16th-Apr-2014___0.13  kwh 
 5AM  Wednesday 26th-Nov-2014__0.574  kwh  
10AM Sunday 06th-Apr-2014__0.203kwh  
  _7AM 28-Dec-2014_1.096kwh  
  6AM Tue 17th-Jun-2014_1.814  kwh 
 _12 AM   1-Aug-2014___0.342  kwh 
__3PM Sun 7-Dec-2014____1.129 kwh  
__5AM  5th-Dec-2014____1.089kwh
  __9PM Thu 13th-Nov-2014____0.216  kwh  
 __7AM   14th-Jun-2014____1.966 kwh  
 12PM 14-Apr-2014__0.146 kwh
  __2PM 16-Jan-2014___0.776 kwh  
 __2PM Sunday 07-Dec-2014_0.713 kwh 
  __9 AM 13-Feb-2014_0.349kwh 
  _3 AM  7-Feb-2014____0.262 kwh
_1PM 7th-Jun-2014__1.123 kwh  
_6PM  Sat 15-Feb-2014__2.376kwh  
 2PM Fri 6th-Jun-2014___0.742kwh
4AM  7th-Jun-2014_0.529kwh
 __7 PM 14-Aug-2014___2.441 kwh 
 __2 PM  13-Apr-2014_0.197kwh
 _7 PM 26th-Mar-2014____1.152kwh
 __11 PM Monday 2-Jun-2014__0.99  kwh 
__1PM   Sun 16-Mar-2014____0.499 kwh
  10 AM  20-Dec-2014__0.587 kwh  
  2AM   14-Jun-2014___0.432  kwh
  _1 PM 10-Feb-2014___0.413kwh  
  _12 PM   Tue 29-Apr-2014___0.128 kwh
 _12AM Saturday 18th-Oct-2014__0.514kwh  
__9AM   23rd-Dec-2014___0.317 kwh 
2AM   30-Nov-2014_0.122kwh  
  10AM   Wednesday 19-Nov-2014_0.158kwh
  _10PM 29-Jun-2014____0.837  kwh 
 __3PM   02nd-Sep-2014___0.274  kwh 
 _5AM   Fri 07th-Nov-2014_0.515kwh  
_5 AM   9-Jan-2014____1.87  kwh  
__7 AM   Sat 22nd-Nov-2014_0.535  kwh
  __12AM  Tue 5-Aug-2014__0.385 kwh 
11 PM   23-Apr-2014__0.147  kwh 
__12PM   8-Jul-2014____1.116  kwh  
_5 PM  1-Aug-2014____1.685  kwh
__3 AM  Sat 3rd-May-2014____0.197 kwh  
  __4 PM 18-Jan-2014__1.512 kwh 
 _2AM  Sun 02-Nov-2014____0.155  kwh
  _1 PM 9-Sep-2014_0.291  kwh 
  1AM  Tue 25th-Feb-2014__0.221 kwh  
 __9 PM Saturday 22-Feb-2014__0.528kwh 
__3PM Friday 12-Dec-2014____0.378  kwh 
_5AM  22-Jul-2014___2.534 kwh 
  _11PM   Tuesday 11th-Nov-2014____0.212kwh 
 3PM   Saturday 29-Nov-2014____0.47kwh 
_11 AM  Sun 22nd-Jun-2014_1.058  kwh
 _7PM  Thu 26-Jun-2014___3.272kwh
 _5 AM   Wednesday 13-Aug-2014_1.505 kwh
  _6AM Tuesday 16-Dec-2014___1.32  kwh
 __5AM Wednesday 22-Jan-2014___1.826  kwh
  __1AM 31-Mar-2014_0.152 kwh  
__1PM 10th-Jan-2014____0.84 kwh  
 _8PM   Mon 19th-May-2014____1.51kwh  
  1 AM 7-Mar-2014__0.174kwh
 _8 AM 18th-Dec-2014__0.475  kwh  
 __2PM   30-Sep-2014__0.286kwh
_2 PM   23-Aug-2014____0.797  kwh 
 __3 AM   24th-Apr-2014_0.048 kwh 
  3PM   26-Dec-2014_0.387 kwh  
  __4 AM 30-Jul-2014___0.523kwh 
 __6 AM   15th-Dec-2014____1.465kwh
 __8 PM Sun 19th-Oct-2014___1.015  kwh  
2PM  Sat 25-Jan-2014_1.472kwh  
 _6PM   Wed 1st-Oct-2014____0.689kwh
 10PM  Tue 08th-Apr-2014__0.141kwh  
 __12 PM 11-Feb-2014___0.636  kwh  
 _8AM   23rd-Mar-2014____1.04 kwh 
4AM  01st-May-2014__0.149 kwh
 _1PM  Fri 18-Jul-2014_1.085kwh 
__1AM   14th-Sep-2014___0.204kwh 
__9 AM  12th-Dec-2014_0.35 kwh 
11PM   2nd-Nov-2014____0.266 kwh  
  __1 PM Sat 04th-Oct-2014_0.414  kwh
10PM  18-Oct-2014___0.252  kwh
  6AM 15th-Oct-2014_0.662  kwh 
  3AM   Thu 26th-Jun-2014___0.403kwh
  5AM Fri 17-Oct-2014____0.785 kwh 
  _11 PM   4-Aug-2014____0.66kwh  
 __9PM   Thu 23rd-Jan-2014____1.284kwh 
 _5AM   06-Oct-2014__0.733  kwh  
  __2 PM 08th-Feb-2014___0.998  kwh
  7 PM Tue 3rd-Jun-2014_3.305kwh  
_10 PM  Mon 14-Apr-2014____0.146  kwh  
  _10 PM   15th-Jul-2014___1.272kwh 
5PM 4-Oct-2014____0.513kwh 
  5AM   Sun 2-Mar-2014___0.206 kwh
  __10AM 11-Nov-2014____0.189kwh 
 4PM  7-Jan-2014____0.80 kwh  
4PM   Sat 11-Oct-2014___0.626 kwh
_6PM   Mon 8-Dec-2014__1.756  kwh
_2PM  Wed 29th-Oct-2014___0.206  kwh
 _2 PM   9-Apr-2014__0.104  kwh
__3PM  Mon 25-Aug-2014_0.538  kwh 
 _1PM   5-Sep-2014_0.269kwh 
  _9 AM   Sun 26th-Oct-2014____0.632kwh 
_6PM Sunday 17th-Aug-2014___2.592 kwh  
  2PM  08th-Aug-2014__0.509  kwh
__5 AM 27th-Jul-2014_0.612 kwh 
__1PM  Sun 27th-Apr-2014___0.207  kwh  
_3PM 29th-Dec-2014___0.37kwh 
_4 AM   16-Jan-2014__0.388  kwh  
__5 AM   4-Jan-2014__0.51  kwh 
  _7AM 06th-Jun-2014_1.393 kwh  
 10PM   Fri 24th-Jan-2014_1.624 kwh 
11 AM Sun 26-Oct-2014_0.328  kwh
5 AM 25th-Sep-2014____0.816 kwh  
__12PM   Saturday 22-Mar-2014__0.499  kwh
  _5 AM  Tuesday 5th-Aug-2014__1.254kwh 
_9AM   Saturday 22-Nov-2014____0.365  kwh 
 9 PM   23-Mar-2014__0.499kwh 
_12AM 09-Feb-2014__0.998  kwh
  __11AM  Tue 16-Dec-2014___0.572 kwh
1 PM  8-Feb-2014__0.749 kwh
5PM  Sat 16th-Aug-2014_0.907  kwh  
  _2 AM  27th-May-2014_0.128  kwh 
  6 AM Sun 4th-May-2014__0.595  kwh 
 __6PM   Thu 18-Sep-2014__1.088 kwh  
_9AM   Thursday 7th-Aug-2014_0.31kwh 
 __7AM   Friday 11th-Apr-2014___0.216 kwh 
_4PM   15-Apr-2014__0.121kwh 
 6PM  Tuesday 21st-Oct-2014____1.008 kwh  
__6AM  Sunday 6-Jul-2014__2.266  kwh
 _9AM  Sun 13-Apr-2014____0.278  kwh 
 _12AM Friday 12th-Sep-2014_0.21 kwh
 2 AM  29-Nov-2014____0.12kwh 
  2PM  Sun 3rd-Aug-2014__0.95kwh
 _4PM   Wednesday 2nd-Apr-2014__0.103kwh
10PM   Mon 22-Sep-2014___0.322kwh 
 __11PM Saturday 19-Jul-2014____2.256  kwh  
 7 PM   Mon 9th-Jun-2014_3.564 kwh
  1 PM  Thu 25-Sep-2014__0.235 kwh
 7AM  Fri 22nd-Aug-2014____1.037  kwh  
 3PM Wed 25th-Jun-2014____0.72  kwh 
  _1 AM   Sat 16-Aug-2014_0.331  kwh
__9 AM Monday 17-Mar-2014_0.271kwh  
_8 PM  22nd-Jun-2014_3.078kwh
  _12 AM  Thu 13-Nov-2014___0.112kwh  
  _12AM Thursday 27th-Feb-2014____0.385kwh 
  _12 PM Saturday 6-Sep-2014___0.428 kwh 
  9AM Sat 18th-Oct-2014__0.54kwh  
  7PM  Wednesday 12-Nov-2014_0.948 kwh
  5 AM   14-Aug-2014____1.426kwh 
_2AM  Friday 13th-Jun-2014___0.288  kwh  
_12PM Mon 02nd-Jun-2014__0.873  kwh 
9 PM  30th-Apr-2014_0.189  kwh  
 __9 AM  Tue 25-Nov-2014__0.146kwh  
 __4 PM 19-Mar-2014_0.346 kwh  
11AM Fri 12-Sep-2014____0.291kwh  
  _12AM  5th-Feb-2014__0.342  kwh 
__2 PM Thu 2-Oct-2014____0.274kwh  
  _9AM Friday 26-Dec-2014__0.353  kwh  
_10AM 29th-Mar-2014___0.408kwh
1 PM  9-Mar-2014___0.547 kwh  
  __5 AM   25-Mar-2014_0.704kwh 
  __11 PM 30th-Apr-2014___0.171 kwh
 __9 PM Monday 13th-Jan-2014_1.368 kwh 
__7 PM 26th-Jan-2014____3.528 kwh
_2PM  Sunday 29th-Jun-2014__1.31  kwh
 _10AM   Thu 3-Jul-2014____0.95 kwh
__6 PM   Thu 10-Jul-2014___3.125  kwh 
_2 PM   6th-Mar-2014___0.298  kwh
  _8AM Thu 04th-Sep-2014_0.272  kwh
 8AM  Friday 31-Oct-2014__0.274 kwh 
  11PM   Wednesday 18th-Jun-2014__0.738 kwh  
 _1PM  Mon 13th-Jan-2014___0.784  kwh  
_7PM 02nd-Dec-2014__2.158  kwh 
__1AM 14-Jan-2014_0.444 kwh
  2 AM  26th-Apr-2014___0.098  kwh
  1AM  3rd-Nov-2014____0.085 kwh  
  _12 PM 05-Jun-2014____1.008 kwh  
  _9PM 20-Apr-2014_0.166 kwh  
  __3 PM 3rd-Oct-2014___0.24kwh  
 _8AM   01st-Feb-2014___1.404 kwh 
  __1AM  Sun 29th-Jun-2014___0.572kwh
12AM  Mon 14-Apr-2014____0.091  kwh  
12 AM Saturday 31-May-2014___0.557 kwh  
11 AM   31-May-2014____0.547 kwh  
11PM   22nd-Jan-2014_1.17 kwh 
 __11 AM Wed 08-Oct-2014__0.33 kwh
  9PM  10-Dec-2014____0.535kwh 
__7AM 4th-May-2014__0.95  kwh  
  _4AM Sunday 22-Jun-2014__0.567 kwh
  __6AM   Sun 1-Jun-2014__1.483 kwh  
__5PM  Friday 15-Aug-2014____1.342kwh 
 _12PM   Mon 29-Dec-2014___0.567kwh 
 9PM  17-Jul-2014__1.483 kwh  
 10AM   Thursday 2nd-Oct-2014_0.194  kwh
9PM 6-Jul-2014_1.397  kwh
  _1 PM 7th-Nov-2014_0.209 kwh  
  1PM Friday 21-Feb-2014_0.446kwh
 __10AM   18th-May-2014__0.389  kwh  
_7 AM  14th-Dec-2014___1.056 kwh 
  6AM  7th-Apr-2014____0.31  kwh
  _11 PM 5th-Mar-2014____0.336 kwh
12 AM 30-Aug-2014_1.142 kwh  
  12 AM 31-Mar-2014__0.204kwh  
 4 AM   20th-Aug-2014____0.257kwh
  __6 PM Mon 10-Feb-2014____1.999 kwh
1 AM   04-Aug-2014____0.242  kwh 
  _7PM 13th-Jun-2014____3.046  kwh  
8PM  Sat 23rd-Aug-2014____1.944 kwh  
  __3 PM 2-Aug-2014_1.123  kwh  
  __10PM  07-May-2014__0.396 kwh  
 5PM   Sun 21-Dec-2014____0.98 kwh  
  __11PM  3rd-Feb-2014___0.51 kwh  
 12PM Thursday 25th-Sep-2014___0.329kwh
  __4AM  20-Oct-2014___0.128  kwh  
  5 PM   27th-Apr-2014____0.221kwh  
 6 AM   17th-Jan-2014_1.992kwh 
  7AM   09-Jun-2014__1.588kwh  
8AM   3-Dec-2014____0.37 kwh  
 __8 PM   Tue 19th-Aug-2014_2.17kwh  
 6 AM Tue 4-Feb-2014____1.613kwh 
 2 PM Tuesday 08-Jul-2014___0.912  kwh 
7 PM   Tue 25th-Mar-2014__1.512kwh
8 PM   Sun 09-Nov-2014___0.948 kwh  
__12 PM 28th-Jul-2014__1.32 kwh  
 6 PM  Tue 9-Dec-2014_1.54kwh 
 _7PM Monday 12-May-2014__1.512  kwh
  3PM   19th-Nov-2014_0.182kwh 
1 AM 6th-Jan-2014_0.372 kwh
 __1AM  Mon 13th-Jan-2014____0.452 kwh  
_10AM   08th-Jul-2014____1.066 kwh
_10AM Sat 26-Apr-2014__0.18  kwh 
 _8 AM  10th-Jun-2014_0.778kwh  
__6 AM  1-Apr-2014__0.389kwh 
  11 PM   15-Jun-2014____0.864kwh 
 _12 AM   4th-Apr-2014__0.082 kwh 
 __9 AM  Saturday 20-Dec-2014_1.02 kwh  
 __11 AM 16-May-2014___0.36 kwh
  __9PM   Wednesday 11th-Jun-2014_1.112kwh 
__3PM 25-Mar-2014___0.262kwh 
_5PM  Fri 19th-Dec-2014_1.244kwh
7 PM 14-Mar-2014___1.31kwh 
 2PM 27th-Jul-2014__2.131  kwh
 2 AM  18-Jan-2014___0.648  kwh 
  5AM   1st-Feb-2014____0.41 kwh 
6AM Tue 09-Dec-2014____1.346  kwh 
  12PM  Fri 10-Jan-2014__1.12kwh 
 _6AM   Thu 20th-Nov-2014_0.572 kwh  
 _1 PM Sunday 18th-May-2014___0.509kwh  
11AM Sun 2nd-Feb-2014__0.713  kwh
 _6AM 9th-Nov-2014____0.392  kwh
_7PM  11-Mar-2014____1.166 kwh
 8 PM   Wed 26-Feb-2014_1.958  kwh 
  _12PM   Wed 9th-Jul-2014__1.02 kwh  
  _9AM Sun 9th-Mar-2014__0.655  kwh  
  _7AM  Wed 24th-Dec-2014___1.079 kwh 
  __12PM   Thu 7th-Aug-2014_0.618 kwh 
 _4PM   Wed 21-May-2014____0.291  kwh
 __8PM  Thursday 3rd-Apr-2014_0.47kwh 
9AM   Wed 27th-Aug-2014_0.41kwh
 11 AM   17-Jun-2014_0.792  kwh 
 _3AM   Sunday 06-Jul-2014___0.864 kwh 
_1AM   Thu 27th-Feb-2014__0.271kwh 
  __6PM 3-Jun-2014_2.974kwh 
2AM   Wednesday 9-Jul-2014___0.538  kwh 
 _1AM Sun 21-Sep-2014____0.197kwh 
  _4AM   Tue 21-Jan-2014_0.44kwh 
  4PM 20th-Oct-2014___0.204 kwh 
__6 AM   31st-Jul-2014_2.966kwh 
  9AM  23-Apr-2014___0.106 kwh 
 _1 PM Tue 11th-Mar-2014___0.346kwh 
2AM   Sun 2nd-Feb-2014____0.324  kwh  
 _1AM 2-Jul-2014____0.538kwh 
 __6 AM  11-Jun-2014___1.901 kwh  
 __10PM   16th-Nov-2014_0.218  kwh
 _8PM  Wed 29-Oct-2014__0.922 kwh 
  __5 AM   10th-Nov-2014_0.505kwh 
  _6 AM 2-Dec-2014____1.201kwh 
 _5AM 27-Aug-2014__1.294 kwh  
  __6 AM  Sunday 29-Jun-2014____1.411kwh
  _5PM 22nd-Mar-2014___0.85  kwh
 _7PM   21-Jan-2014_3.672  kwh 
_1AM Friday 27th-Jun-2014__0.382kwh
  _9AM   Sun 2-Mar-2014____0.626 kwh
__5PM Sun 17-Aug-2014____1.285  kwh  
 12 PM  Wed 3rd-Dec-2014__0.594  kwh  
12AM   2nd-Jan-2014_0.69kwh  
 _6AM   2-Feb-2014____1.094  kwh
  9 AM   2-Nov-2014_0.348 kwh  
  5AM  1-Jul-2014_2.508  kwh  
 _9PM   Friday 12th-Dec-2014_0.515 kwh 
 2AM  Monday 13-Oct-2014_0.096  kwh
 __5 AM 7-May-2014_0.942 kwh  
  __2PM  Saturday 25th-Oct-2014__0.557  kwh
 _5 AM   23rd-Mar-2014___0.283 kwh 
 7PM Thu 18th-Dec-2014__1.782kwh  
_3PM   23-Sep-2014___0.241kwh  
 __3 AM 17th-May-2014____0.211 kwh
 __2 AM   Mon 9-Jun-2014____0.32 kwh
 5 PM   6th-Mar-2014_1.248  kwh
__11PM   24-Dec-2014__0.649 kwh 
  _6AM  Tue 10-Jun-2014____1.987  kwh 
__8PM   Mon 15th-Sep-2014_1.266 kwh  
 10PM Friday 6th-Jun-2014___1.096  kwh  
  __3AM  10th-Sep-2014__0.144 kwh
9AM   5-Apr-2014____0.311  kwh 
__5 PM  Sun 9th-Feb-2014___1.048kwh 
  __4AM 11-Feb-2014__0.245  kwh
  7PM  10th-Apr-2014_0.605kwh
  12 PM   Friday 11-Apr-2014_0.167kwh
 __4AM 11-Jan-2014____0.48 kwh 
_6AM Thu 10th-Apr-2014__0.324  kwh
  __9AM   20-May-2014___0.192 kwh  
__11AM  25-Nov-2014___0.234  kwh
_2 PM Monday 21-Apr-2014_0.126kwh
 __9 PM   25th-May-2014_0.432  kwh 
__11 AM 19-Feb-2014____0.57 kwh
_4 AM   Thu 12th-Jun-2014_0.432  kwh  
 1PM  Saturday 24th-May-2014__0.552  kwh 
  __6PM 11th-Mar-2014_1.019 kwh
  __12 AM 22nd-Oct-2014_0.212  kwh
__5 AM Thursday 13-Nov-2014_0.594 kwh 
__1 PM   Monday 3-Feb-2014_0.446kwh 
 3 AM 27th-Sep-2014____0.227  kwh
  _4AM  Fri 20-Jun-2014___0.299  kwh
  6PM   Thu 19th-Jun-2014__2.293 kwh 
_6AM 18-Apr-2014_0.292  kwh 
__1AM 3-Jan-2014__0.448 kwh
  __11PM Thu 27th-Feb-2014__0.624 kwh  
  __1AM  28th-Sep-2014__0.20kwh 
  _12 PM   20th-Oct-2014___0.282  kwh 
 _9 AM 02nd-Jan-2014_0.678kwh
  _5AM Sat 18-Jan-2014__0.606kwh
6PM  Tuesday 23rd-Dec-2014____1.679kwh  
  _5AM   1-Apr-2014___0.33  kwh
 _11 PM   30th-Mar-2014__0.368kwh 
 8 AM 4th-Aug-2014_0.432  kwh  
 7PM Tue 1st-Jul-2014___4.32  kwh 
 _8AM  30th-Dec-2014___0.356  kwh  
_1 AM  6th-Sep-2014__0.21 kwh  
__12PM 3rd-Jul-2014___1.152kwh  
 __10AM 11th-May-2014___0.442kwh  
  5AM  20-Apr-2014____0.10 kwh
_4AM   14-Mar-2014__0.181  kwh 
 _5AM Wednesday 05th-Nov-2014__0.584 kwh
 __7AM  Mon 13-Oct-2014__0.524  kwh 
_12 AM   Tue 20-May-2014_0.226  kwh 
  __7AM   Thursday 1-May-2014__0.799kwh 
 __4 AM Tue 22nd-Jul-2014__0.403kwh
 _10AM  Fri 19-Dec-2014__0.449 kwh 
 __7 PM Thu 12th-Jun-2014____3.046  kwh 
_7 PM 17th-Sep-2014____1.449  kwh  
  __1PM   29th-Jun-2014___1.296 kwh
 __3PM   Wed 29th-Jan-2014____0.96  kwh 
  __12 PM 22-Jun-2014_0.864  kwh  
 __6PM  Sun 16th-Feb-2014___1.75kwh
__9PM  Fri 26-Sep-2014__0.224kwh 
_10 PM  15-Mar-2014___0.294 kwh  
 _5PM Wednesday 26-Feb-2014__1.778  kwh  
__3AM Fri 18-Apr-2014___0.049  kwh 
  4PM Mon 22nd-Sep-2014__0.26  kwh 
 _12PM Wed 30-Jul-2014__1.404kwh 
 6AM  Fri 8-Aug-2014_1.728  kwh  
  _11PM   05th-Nov-2014____0.225kwh
_7 PM  04th-May-2014_1.656kwh  
 _12PM  30th-Jun-2014___0.828 kwh 
 _10AM   31st-May-2014__0.552kwh 
  __6PM   Mon 13-Jan-2014__3.248kwh 
__4AM   Friday 9th-May-2014___0.138kwh
 8AM   22-Sep-2014_0.227kwh 
__11PM  Sunday 04th-May-2014__0.364 kwh 
  _8PM Sat 27th-Dec-2014__1.98  kwh  
 _2AM  11th-Aug-2014___0.233  kwh
 4PM   Sun 23rd-Nov-2014_0.45 kwh  
_10PM 26-Apr-2014__0.139  kwh 
__11 AM  10th-Jun-2014____0.729kwh 
  _10 AM  21-Jan-2014_0.88kwh  
 12AM  Thu 21st-Aug-2014___0.36kwh 
__3AM 8th-Aug-2014____0.276  kwh 
  3PM  Tuesday 11-Mar-2014_0.285kwh
 __3 AM  29th-Aug-2014___0.271  kwh  
_2 AM  03rd-May-2014_0.214kwh 
  5 AM  Sun 3rd-Aug-2014__0.432  kwh  
  1 AM  19th-Oct-2014_0.153  kwh 
  _9PM 10-Nov-2014_0.246  kwh 
 __3PM  12-Feb-2014__0.418kwh 
  _8PM   30-Aug-2014__2.333  kwh 
 __12PM  06-Mar-2014__0.388 kwh
 _8 PM   Thursday 31-Jul-2014___3.11  kwh
  __3 PM   1-May-2014_0.342  kwh  
__12PM Sun 8-Jun-2014__1.102  kwh  
3PM Fri 17-Oct-2014____0.257 kwh 
7 PM Monday 21st-Apr-2014_0.648kwh 
  7AM   Monday 7th-Jul-2014__2.484 kwh
_4 AM   Friday 1-Aug-2014___0.194kwh 
 __5AM   18th-Aug-2014___1.386  kwh
  _10PM   Tue 11th-Mar-2014__0.444  kwh  
 _9 AM   18-May-2014_0.619 kwh 
1AM  15-Apr-2014_0.061  kwh 
  _6AM 16th-Aug-2014____0.95kwh
 11AM 29th-Jul-2014__1.20kwh 
  _12AM Mon 6-Oct-2014_0.207kwh 
 __11PM 22nd-Feb-2014_1.092kwh 
  _9AM Sun 17-Aug-2014__0.961kwh
 _5AM   24-Oct-2014____0.733 kwh  
 __7AM  18-Aug-2014__1.134  kwh  
  __9AM   Mon 14-Jul-2014___0.85 kwh  
 1PM  26-Jul-2014___1.67 kwh  
 __6AM Tuesday 30th-Dec-2014_1.478  kwh 
  __2AM   Tue 6th-May-2014_0.163  kwh  
4 AM  11th-Oct-2014__0.162  kwh 
6PM   06-May-2014____1.098kwh 
 9AM 28-Dec-2014__0.98  kwh 
 9 AM   Sat 4th-Oct-2014__0.643 kwh
 __1 PM  25th-Jul-2014___0.883 kwh 
 _4AM  Wed 12-Nov-2014____0.077kwh  
__11PM  23rd-May-2014_0.768kwh 
 _1PM 28-Nov-2014___0.167kwh
 _12PM   Tue 21st-Jan-2014___1.09  kwh  
  __4 AM   03-Jun-2014___0.389kwh
_12PM 09th-Oct-2014____0.312kwh
10PM 12-Mar-2014___0.468kwh 
 _9PM  Tue 26th-Aug-2014_0.72 kwh
 __4 PM 20th-Apr-2014_0.238kwh  
_4PM Tue 4-Nov-2014__0.196kwh  
_9 AM  25-Aug-2014__0.36 kwh  
_5AM 6-Nov-2014__0.584 kwh  
__10AM   Tue 25-Mar-2014____0.349  kwh
  __12 PM   3rd-May-2014_0.466  kwh  
 11 AM  Tue 3-Jun-2014____0.774 kwh 
_1 PM  Sun 12-Jan-2014_1.008kwh
 _8 PM   Monday 29-Dec-2014____1.672kwh
  __10 AM  25-Feb-2014_0.432kwh
 9AM  Tue 30-Dec-2014____0.333kwh 
_2 AM  Mon 7-Jul-2014_0.514  kwh
_12AM   19-Jun-2014_0.599kwh 
  11 AM  Tuesday 21st-Jan-2014_1.17 kwh  
_7PM Wed 19th-Mar-2014___1.238 kwh  
  _3PM   18th-Apr-2014___0.13kwh 
  _3 AM  30th-Jan-2014__0.456 kwh 
_11 AM 8-Nov-2014__0.251 kwh
_3PM  04-Aug-2014_0.456  kwh  
  __3 AM   Sat 25-Jan-2014__0.612  kwh  
 11PM  Friday 20th-Jun-2014___1.638 kwh  
_11 PM  Wed 05th-Feb-2014___0.522kwh
  _3PM   Wed 22nd-Oct-2014__0.281kwh  
_9AM   22nd-May-2014____0.235kwh
  __12 AM Mon 7th-Jul-2014_0.648kwh  
 _4 AM  Wed 9-Jul-2014____0.394 kwh 
 _5 AM 29-Mar-2014_0.216  kwh 
_3 PM   Sat 26th-Jul-2014_1.879  kwh  
4AM   Thu 24-Jul-2014__0.485 kwh
  __10PM  Thu 10-Jul-2014____1.332kwh
_1PM Wed 19th-Nov-2014_0.187 kwh 
2 PM Fri 22-Aug-2014____0.494kwh
 9PM   Friday 15th-Aug-2014____0.47kwh 
 __3AM  Thu 3rd-Apr-2014_0.065 kwh 
 __2 PM 17-Jul-2014__1.085kwh
__10 PM  30-Sep-2014_0.343  kwh
 _2 PM 22-Apr-2014_0.112 kwh 
  7AM   Mon 3rd-Feb-2014__0.983  kwh 
  3PM Saturday 08th-Feb-2014_0.907kwh  
__11AM  Thursday 20-Feb-2014_0.492  kwh
_5AM  20-Aug-2014____1.122 kwh  
  __11PM   26-Apr-2014_0.342 kwh
 _1PM   23-Aug-2014__0.698kwh
  _6PM  Thu 30-Jan-2014___3.136  kwh  
 _6PM  07-May-2014__1.299 kwh  
__1AM   16th-Jul-2014___0.456  kwh
  _5PM  Monday 27th-Jan-2014_3.12  kwh  
 __9PM  Saturday 25-Jan-2014____0.896  kwh
  __4PM  Mon 28-Jul-2014__0.787  kwh  
__8 PM   Tuesday 28-Oct-2014_1.094  kwh  
 9AM 4th-Jan-2014_1.782 kwh  
  __10PM   Friday 28th-Feb-2014__0.848  kwh 
_4AM   Sun 12-Jan-2014____0.606 kwh  
 _12 AM  03-Aug-2014___0.816kwh  
 6PM   Monday 24th-Feb-2014_1.781  kwh 
 _8 PM  Mon 10-Feb-2014___2.304  kwh  
 6PM   Saturday 18-Oct-2014__1.112 kwh 
 _1PM  1st-Oct-2014_0.192  kwh 
_3 PM  Fri 8-Aug-2014____0.403kwh  
  __2PM Saturday 21st-Jun-2014___1.411kwh  
  1 PM  Thu 18th-Dec-2014__0.471  kwh  
 __9AM  27th-May-2014____0.25 kwh  
__10 PM   Fri 20-Jun-2014__1.147 kwh 
 _5PM  Sun 09th-Nov-2014___0.482 kwh 
  12 AM 12-Jul-2014_1.555kwh 
  11 PM Sat 28th-Jun-2014___1.638 kwh 
  2AM  Wednesday 13th-Aug-2014_0.202 kwh
_9 AM   Mon 31st-Mar-2014__0.259kwh  
 __11 AM Saturday 08-Mar-2014__0.576 kwh  
5AM  Monday 30-Jun-2014____2.00kwh  
  9PM   Sat 30th-Aug-2014_0.571  kwh 
 _7PM Wed 16th-Apr-2014_0.481 kwh  
 7PM   28-Oct-2014____0.94  kwh
  _3AM   Tue 14-Oct-2014____0.144kwh
  __4 PM   30th-Apr-2014___0.119 kwh
  11PM   Saturday 20-Sep-2014___0.798 kwh  
 __6 PM   4-Jul-2014_3.864  kwh
 7PM  7th-May-2014__1.512kwh  
__6 PM  23rd-Oct-2014___0.958  kwh
  __2AM   10th-Dec-2014___0.244 kwh 
  __8AM Tue 4-Nov-2014___0.205  kwh
7 AM   23rd-Jan-2014_1.854  kwh 
8AM Fri 4th-Apr-2014____0.13 kwh
  __8AM   4-Feb-2014__0.427 kwh
_6 PM  Thu 5th-Jun-2014___2.671 kwh
 __6PM Thu 10th-Apr-2014____0.462  kwh  
 10AM   13-Jan-2014_0.752  kwh
  _5PM  Sunday 12-Jan-2014____1.746kwh  
  1PM 15th-Apr-2014_0.11  kwh 
  __6AM   15th-Feb-2014__0.998 kwh
  _11PM  Thu 08th-May-2014____0.464 kwh 
  5PM   Sunday 3-Aug-2014____1.004kwh  
 10AM   6-Feb-2014__0.494 kwh 
  __6AM   Tue 12th-Aug-2014____1.166  kwh 
 5AM  Sun 11-May-2014____0.194kwh
  3 PM   10th-Dec-2014__0.449 kwh 
6AM Sun 23rd-Feb-2014_1.037 kwh
 _2 AM  Fri 28-Mar-2014_0.187 kwh  
 _3 PM  18th-Aug-2014_0.408 kwh 
 _9PM   18th-Jan-2014__0.712  kwh
  1 AM  Thu 10-Jul-2014___0.475kwh  
  _7PM  Thu 17th-Jul-2014__4.709  kwh
_4AM Mon 22nd-Dec-2014_0.222kwh 
_12 PM Mon 23rd-Jun-2014_1.026 kwh 
 __5PM   24-Sep-2014___1.065  kwh 
__1PM  4-Nov-2014_0.216kwh 
  _6PM   Mon 8th-Sep-2014__0.921  kwh  
  8PM   3-Nov-2014__0.684  kwh 
  _10PM 07-Jun-2014___0.698kwh 
 __1 PM  Thu 25th-Dec-2014___0.51 kwh 
 9 AM 10th-Jul-2014____0.792kwh  
__9AM Thursday 30th-Oct-2014___0.149 kwh 
 __4AM  10th-Oct-2014__0.126kwh
 4 AM Sun 15-Jun-2014___0.529 kwh 
  _5PM Thu 21st-Aug-2014____1.70  kwh  
  _12 AM 19-Dec-2014_0.393  kwh 
 __9PM  Sat 22nd-Mar-2014____0.342 kwh
2PM  24-Jun-2014____0.785 kwh
 2 PM  Mon 28-Jul-2014___0.835kwh  
__12 PM   Thu 22-May-2014__0.432kwh  
__5 PM  Monday 22nd-Dec-2014__1.201  kwh 
__5PM  16th-Feb-2014____0.886 kwh 
 _10PM  Thu 12-Jun-2014___1.053  kwh 
  1AM  25th-Jan-2014___0.594kwh 
 __7PM   27-Dec-2014__1.742  kwh
  __5AM  7-Jul-2014_2.35 kwh
 _8PM   Sun 13-Jul-2014__4.147  kwh  
 8PM   Wed 10th-Dec-2014____1.813  kwh
 5 PM  12-Sep-2014___0.737kwh
10PM  Wednesday 11th-Jun-2014_0.864  kwh
 9 AM Tue 28th-Oct-2014___0.171  kwh  
 3 PM 27-Jan-2014__0.736kwh
  __4AM  Sun 3-Aug-2014__0.421kwh  
_10AM   14th-Nov-2014___0.178 kwh  
1PM   Sat 12th-Apr-2014____0.184  kwh  
  __2 AM  Sat 15-Mar-2014___0.257kwh  
 _11 PM   06th-Jul-2014____1.248  kwh 
  12AM 29-Jul-2014__0.842kwh 
 __5AM  25-Jan-2014__0.72  kwh 
__6PM  Wed 19-Mar-2014___1.21 kwh
  _11PM  Tuesday 26-Aug-2014____0.654 kwh
_3AM  27th-Oct-2014__0.131kwh 
 _11PM  Fri 28th-Mar-2014__0.784kwh 
 6PM   Fri 09-May-2014__0.997 kwh 
__7PM 26-May-2014___1.598 kwh 
_6AM 05-Mar-2014____1.056  kwh 
_10AM Tue 6th-May-2014____0.262  kwh  
 __1 PM  26-Jan-2014___1.332 kwh 
5AM   Thursday 28-Aug-2014___1.465kwh 
 12AM   Sat 4th-Jan-2014____1.856 kwh 
 1AM   5th-Aug-2014___0.233kwh
  10 PM   Fri 24-Oct-2014__0.349kwh
 5AM   3rd-Jul-2014__2.64 kwh
 12 AM  27th-Oct-2014____0.169 kwh  
 _3PM Wednesday 16-Jul-2014____0.989  kwh 
 __3PM   Thursday 16-Oct-2014__0.197kwh  
2PM   10th-Jul-2014___0.854kwh 
_7 AM   19-Dec-2014_1.099kwh  
 __5PM  Mon 26-May-2014____1.092kwh
  11 AM   Fri 17th-Jan-2014__0.96  kwh  
  __10AM  23rd-Jan-2014___0.696  kwh 
_5PM   Mon 18th-Aug-2014____1.529 kwh 
  9 AM Saturday 24th-May-2014__0.684  kwh  
  _4PM  Sun 16-Nov-2014___0.352 kwh 
  _7 AM  Monday 13-Jan-2014_1.836kwh
 _4 AM 31st-Aug-2014_0.338 kwh 
 _8PM  Sunday 06th-Apr-2014____0.513 kwh 
  11 PM  Tue 8th-Apr-2014___0.129kwh  
  6PM Saturday 22nd-Mar-2014____1.181 kwh 
 __1AM   Thu 17-Jul-2014__0.451kwh
 __7 PM 11-Jun-2014_3.596  kwh
 _4 PM 18th-May-2014____0.605  kwh 
 __7 AM Sun 18th-May-2014_0.97kwh  
__8 PM Wednesday 17-Dec-2014_1.637 kwh 
 9AM 29-Oct-2014___0.191kwh  
  4 PM   Mon 07-Jul-2014_0.778  kwh  
_10PM   Wed 27th-Aug-2014____0.702  kwh 
  _8AM 18th-May-2014___0.832  kwh
  _8 PM Tue 22nd-Jul-2014___3.418  kwh 
  __1AM Thu 4th-Dec-2014___0.253  kwh 
  _2 AM 20-Jun-2014_0.356  kwh
 _8AM   Mon 26th-May-2014____0.301kwh  
  8 AM 27-May-2014__0.336  kwh  
 __5PM  09-Oct-2014___0.671  kwh  
12AM 30th-Mar-2014____0.589  kwh
  _10 PM  4-Dec-2014_0.523  kwh  
__11PM 30-Sep-2014____0.284 kwh 
  1PM Tue 19th-Aug-2014__0.422 kwh  
_11PM   Thursday 27-Mar-2014___0.388 kwh 
11 AM  13-Sep-2014_0.504  kwh  
  __7AM   13th-Feb-2014_0.886kwh 
__10AM   Fri 28-Feb-2014___0.418  kwh 
_2PM 27-Jun-2014___0.691  kwh 
  _11AM   17-Jul-2014_1.356 kwh
1PM   Wed 3-Sep-2014____0.286 kwh  
  7PM 20-Jan-2014___3.132  kwh 
__5AM   4th-Jun-2014__1.822  kwh 
 _12AM Wed 3rd-Dec-2014__0.30kwh  
  _1 AM  9-Apr-2014__0.064  kwh
_3 PM Sun 19th-Jan-2014____2.034 kwh  
_12PM  12-Apr-2014_0.148 kwh 
 5AM   12th-Aug-2014___1.175 kwh  
__6PM  Sat 1-Nov-2014_0.802kwh  
 __3 PM   Sunday 7-Sep-2014_0.611  kwh  
 _7 AM  19th-Oct-2014__0.864kwh
  _1PM   03rd-Apr-2014__0.112kwh  
 1 AM 15-Mar-2014__0.259kwh  
 _10 AM   Thursday 20-Feb-2014____0.48  kwh
__5AM  Sunday 27-Apr-2014___0.099kwh
_9 PM  Wed 06-Aug-2014____0.821 kwh  
  __3 PM  Mon 20th-Oct-2014___0.228  kwh  
  _10 AM  Sun 27th-Jul-2014____1.454  kwh 
  __5AM   Friday 16th-May-2014____0.713kwh 
 10AM  Mon 7-Apr-2014__0.137 kwh
_4 PM  Monday 15th-Dec-2014_0.44 kwh 
  _12 AM   Thursday 6th-Feb-2014___0.335 kwh
  7PM  Sun 31-Aug-2014___2.376 kwh 
_7PM  Mon 27-Jan-2014_3.312kwh  
 __10PM  Fri 13th-Jun-2014__1.058kwh
 7PM 05th-Feb-2014____1.75 kwh 
 __7PM   Wednesday 10-Dec-2014_2.059  kwh
 __10AM  Tuesday 22-Apr-2014__0.101 kwh
  _2AM   15th-Sep-2014____0.157 kwh
__4PM  Saturday 16th-Aug-2014__1.264  kwh 
__11AM  Sat 26th-Apr-2014___0.185  kwh  
  _8AM  21-Jul-2014__1.066 kwh  
  _3 PM Sunday 26-Jan-2014__2.106kwh 
 8 PM   Thursday 29-May-2014_1.165kwh  
  _8PM   Thu 25-Dec-2014___1.408  kwh 
 9 AM  10th-Feb-2014____0.418  kwh  
_1AM Saturday 26-Jul-2014_0.85  kwh  
  _4 AM   Thu 16th-Oct-2014_0.13  kwh 
 10PM  8th-Jul-2014____1.392  kwh  
  _9PM   Thu 12th-Jun-2014_1.058 kwh  
  3 AM   Sat 25th-Oct-2014____0.191  kwh  
 _3AM  12-Apr-2014_0.106  kwh 
 __3PM   23-Nov-2014____0.429  kwh 
  __1PM   Thu 10th-Apr-2014_0.132kwh
  __6AM  Fri 29-Aug-2014__1.325 kwh 
_2 AM  Fri 5th-Sep-2014_0.113kwh  
 __5PM  Monday 10th-Feb-2014__1.747  kwh 
  9 AM   14th-Dec-2014___0.941  kwh  
4AM  13-Jun-2014___0.353kwh  
 __12 PM 24th-Feb-2014_0.588  kwh
  1PM  29-Nov-2014_0.259kwh
_11PM   Mon 29-Sep-2014__0.364kwh 
 2AM 24th-Nov-2014__0.108kwh  
  _3 PM  Mon 15-Dec-2014____0.458 kwh
 __1AM   Friday 7th-Feb-2014_0.25kwh
 __11PM 30th-May-2014____0.744 kwh 
 9AM  Mon 17th-Feb-2014___0.324  kwh  
__10 AM 18-Nov-2014_0.193  kwh 
__6AM 29-Oct-2014___0.713kwh
  9 PM 05-Sep-2014_0.28 kwh
_7AM  Sat 4th-Jan-2014__1.944  kwh 
_5PM   Thursday 17-Jul-2014___3.089  kwh
  __7 PM  Sat 22nd-Feb-2014___1.793  kwh  
_8AM  Sunday 10th-Aug-2014__1.529kwh 
  __6 AM Mon 6th-Oct-2014__0.619  kwh 
 _6PM Thursday 16th-Oct-2014____0.857kwh
 __1AM   Saturday 21st-Jun-2014_0.475  kwh
 __9PM   30-Mar-2014_0.576 kwh
_1 AM  Sat 15-Feb-2014_0.421kwh 
  _12PM  24-May-2014_0.413 kwh  
2 AM   2-Aug-2014___0.335 kwh  
4 PM  Sat 12th-Jul-2014___2.333kwh  
  _11AM  1st-Feb-2014__0.814kwh
  __12PM  24th-Apr-2014__0.174 kwh 
2PM   14th-Jun-2014____1.685  kwh  
 __10 PM   Sat 28th-Jun-2014_0.857 kwh
  _7 AM Sat 25-Jan-2014____1.944 kwh
 _9 AM   16th-Nov-2014____0.373 kwh 
  11 PM  Wed 20th-Aug-2014___0.636  kwh 
__1PM   30th-Aug-2014__0.698kwh  
  __9 AM 25-Sep-2014__0.181kwh  
  8PM 22nd-Oct-2014_0.941  kwh  
 _2 AM   01st-Dec-2014____0.185  kwh 
 2PM Fri 20-Jun-2014____0.828  kwh 
  12PM 3rd-Sep-2014__0.347  kwh 
_11 PM   Mon 9-Jun-2014____0.81kwh 
  _11PM   12th-Feb-2014__0.48 kwh 
  __3AM  08th-Apr-2014_0.049 kwh
__1 PM 22-Mar-2014_0.451  kwh
  _9PM 10-Feb-2014__0.799  kwh
 _6 AM Thu 25-Dec-2014___1.135  kwh 
 _8PM   21st-Aug-2014_1.882 kwh 
  _9PM   28th-Apr-2014_0.153 kwh  
__2 PM   27-Apr-2014__0.228kwh 
  10AM   Saturday 5th-Apr-2014__0.157 kwh 
 _6PM   Mon 17-Feb-2014_1.63  kwh
  _5PM  21st-Jan-2014__2.808 kwh  
 __6PM 30th-Jun-2014__2.318 kwh 
4PM Fri 1st-Aug-2014___0.509 kwh
  __8 PM  4-May-2014_1.368 kwh
7 PM 10-Aug-2014_2.246kwh 
  _11PM Thu 18-Dec-2014___0.556 kwh  
 __12 PM   Sat 7th-Jun-2014____1.08kwh 
4PM   8-Jan-2014_0.728  kwh
_12 PM  2-Oct-2014____0.255 kwh
  6PM   Thu 11-Sep-2014__1.058 kwh 
_9PM   Wednesday 29th-Jan-2014_0.96 kwh  
 __2PM  Friday 26th-Dec-2014_0.488kwh 
_12AM  Sat 18-Jan-2014__1.776  kwh
 __11AM Thursday 20-Mar-2014_0.452kwh 
 __6 PM 25th-Dec-2014____1.663kwh
1PM Mon 27-Oct-2014__0.226  kwh
_8AM 13-Feb-2014___0.389  kwh
  __3PM Thu 25th-Sep-2014___0.249  kwh  
_11AM  26-Jul-2014___1.656  kwh  
 _11AM   Tuesday 02-Dec-2014_0.578kwh  
12 AM   4th-Nov-2014___0.116  kwh 
  11PM 27-Jul-2014____1.404kwh 
_6 PM  Sat 4-Oct-2014____1.112  kwh
  8PM 6-Aug-2014_1.997kwh  
_6 PM   Tue 05-Aug-2014__1.344kwh  
 __4PM Saturday 11-Jan-2014__1.692 kwh
 _1PM   16th-Jan-2014_0.672 kwh  
  _9PM  7-Aug-2014__0.785 kwh 
10 AM Sun 2-Mar-2014____0.523  kwh
__3PM   Friday 9-May-2014____0.288 kwh 
__11AM   17th-Oct-2014____0.351  kwh
7AM   Fri 10-Oct-2014____0.648 kwh
 __3PM Wed 2-Apr-2014___0.14  kwh
5AM   Fri 13th-Jun-2014__2.119  kwh  
_11PM  Mon 18th-Aug-2014____0.516 kwh 
  __2PM  12-Jul-2014_1.594kwh  
  __2PM 20-Jul-2014____1.862 kwh  
 __12PM Friday 2-May-2014___0.436  kwh  
  __6 AM  Tue 11-Nov-2014_0.502kwh
 1 AM   Mon 18th-Aug-2014___0.218kwh  
 5 AM   1-Aug-2014__1.307  kwh
__1PM   Tuesday 7-Oct-2014_0.211kwh 
11 AM 4-Sep-2014__0.396  kwh  
6AM Tue 4th-Mar-2014__0.95kwh  
__8 AM 12-Nov-2014_0.185kwh
  _4AM 31-May-2014____0.238 kwh  
 12PM  Sunday 28th-Sep-2014_0.407 kwh 
9AM   Thu 20-Feb-2014_0.356  kwh  
  __1PM  15-May-2014_0.278  kwh 
__5PM   Mon 13th-Oct-2014_0.624 kwh 
 8 PM  Tue 18-Mar-2014__1.139 kwh 
 _4AM 06-Jan-2014_0.476 kwh  
 10 PM Fri 17-Oct-2014_0.454 kwh
 11 AM  Fri 1-Aug-2014___0.534 kwh
  __7AM   Tue 06th-May-2014___0.691 kwh
 __8 PM  16-Feb-2014____1.987 kwh  
  __12PM  Wednesday 26-Nov-2014_0.261 kwh
 __4PM 04-Aug-2014__0.47 kwh 
  __10PM   Sat 10-May-2014____0.301  kwh
  9 AM  24-Aug-2014_1.231  kwh
  10 PM   Sun 14th-Dec-2014_0.479  kwh
  _2PM  Sat 27th-Dec-2014___0.783kwh  
 __12 AM Wed 17th-Dec-2014__0.356 kwh
_3AM 12-Jun-2014___0.335 kwh
  3AM   17th-Mar-2014_0.138kwh  
 __2 AM   Sat 7-Jun-2014_0.459 kwh 
 7PM 17-Apr-2014__0.556kwh
4AM  10-Nov-2014___0.09kwh 
  5PM 22nd-Jul-2014_3.494  kwh
 1 PM Fri 17th-Jan-2014_0.728  kwh 
12AM 11-Mar-2014_0.211  kwh
 __10PM Tuesday 2-Dec-2014_0.616  kwh  
_10PM  Sat 31-May-2014____0.307 kwh
  10AM   Wednesday 1st-Jan-2014__0.952 kwh  
 __7AM 24-Oct-2014____0.589 kwh 
 __11AM  Thu 22nd-May-2014_0.416  kwh
  __10AM   Fri 7-Mar-2014____0.371 kwh 
 __9AM  Sat 6-Dec-2014__1.148  kwh  
  _9PM Tuesday 08-Jul-2014__1.224  kwh 
 __11 PM  30th-Jul-2014__1.428kwh  
  __10AM  Monday 20-Oct-2014_0.194  kwh  
 __7AM   19th-May-2014____0.864  kwh  
 3AM  20th-Oct-2014____0.138kwh  
 __2AM Saturday 01st-Feb-2014__0.374 kwh
  __10PM  3-May-2014_0.33kwh  
 __9AM  8-May-2014____0.283  kwh
  __1AM  24-Sep-2014____0.123  kwh  
9AM   22-Jan-2014_0.57 kwh
  5 PM  Wednesday 19-Mar-2014__1.154kwh  
 9AM  Sun 20th-Apr-2014_0.216kwh
 _6PM   Wed 11-Jun-2014__2.218  kwh
2PM  Tue 16th-Sep-2014_0.244kwh 
  _2AM   Wed 2-Apr-2014____0.071  kwh  
_3AM   Thu 31-Jul-2014___0.528kwh
 __7PM 16-Oct-2014____1.123kwh
  __10AM Friday 30th-May-2014_0.342kwh
  3PM   14-Oct-2014__0.218  kwh 
__4 PM  Friday 6-Jun-2014__0.814kwh
 __5AM  25-Jul-2014___2.191  kwh 
_2PM Sunday 1st-Jun-2014__1.253 kwh 
__11PM 31-May-2014____0.816  kwh 
 __7PM   16th-Aug-2014___2.052kwh  
 _3AM   19-May-2014_0.19  kwh  
 __10PM   19th-May-2014_0.372 kwh
  5PM  Wed 3-Dec-2014__1.43kwh 
  10 AM   Wednesday 1st-Oct-2014____0.206kwh 
 8PM   11-Aug-2014___1.862 kwh
  __2 PM Fri 04th-Apr-2014__0.121  kwh
_5PM   06th-Oct-2014__0.811kwh  
  __11PM   24-Feb-2014_0.684kwh  
  __4AM  29th-Mar-2014____0.276kwh  
3 PM Fri 07-Mar-2014____0.336kwh 
5 PM   7th-Jun-2014___1.474 kwh  
  12AM  10-Feb-2014__0.288  kwh
7AM  28-Feb-2014_1.188kwh 
 _11PM Wednesday 9th-Jul-2014__0.972  kwh 
  __6PM Thursday 27th-Mar-2014__1.176kwh 
 _7PM Sun 15th-Jun-2014__2.916kwh  
1 AM   Sat 19th-Jul-2014____0.85  kwh  
  4AM   Saturday 18th-Jan-2014__0.552 kwh 
  __9 PM  Mon 17th-Feb-2014___0.814 kwh  
 __3 AM  28-Sep-2014____0.172kwh 
 __6 PM  Tue 18th-Mar-2014_1.277kwh  
  _10AM   Thursday 17-Apr-2014_0.104 kwh  
 _5AM  29-Jun-2014_0.599kwh
  __1 AM  Friday 25th-Apr-2014__0.071 kwh
 11AM Wed 23-Jul-2014__1.152  kwh
5PM   23rd-Jul-2014____3.557  kwh 
  _12AM   Mon 2nd-Jun-2014_0.648kwh 
  __3 AM   15-Jun-2014__0.599kwh
11 PM  15-Dec-2014_0.451 kwh
__10 PM   Wed 20-Aug-2014_0.678  kwh  
_9 AM  12-Mar-2014____0.218kwh 
_10PM Thu 15-May-2014_0.324  kwh  
 12PM  24th-Aug-2014____0.706 kwh  
  _5PM   Tue 22-Apr-2014___0.351 kwh
11 AM  Saturday 30th-Aug-2014__0.583kwh  
  __10PM  Wed 9th-Apr-2014_0.164kwh 
 __2PM   Thu 24-Jul-2014___1.027 kwh  
_9PM 26-Jul-2014_0.989  kwh 
_7AM  Tue 07-Oct-2014____0.508 kwh  
9PM   Sat 12th-Apr-2014___0.13 kwh  
5 PM Sat 19th-Jul-2014___1.944 kwh 
 _1PM  10-Mar-2014__0.365kwh 
__12AM   25th-Mar-2014____0.259  kwh
 __1AM Sunday 31-Aug-2014__0.313  kwh
 6PM  02-Jun-2014___2.545 kwh
 1AM  23rd-Jun-2014__0.353kwh
__6AM   15th-Jun-2014____1.598 kwh 
 _6AM 30-Mar-2014_0.704  kwh
  __12PM   15-May-2014___0.352  kwh
 7PM 30-Oct-2014___0.929 kwh 
1AM   31-Oct-2014__0.096  kwh  
_6AM   Fri 10-Oct-2014__0.619kwh
  __8AM  Saturday 05th-Apr-2014____0.359 kwh 
1PM  Fri 21st-Mar-2014____0.266kwh 
__3 PM   Tuesday 23rd-Dec-2014_0.422  kwh  
 __1AM 12th-Feb-2014__0.281 kwh 
  8AM Sat 8-Nov-2014____0.567 kwh
 _1 PM  Sun 07-Dec-2014__0.581  kwh
  __1PM   Wednesday 24th-Dec-2014_0.462  kwh  
__11PM   Sat 5-Jul-2014___2.064 kwh 
 9AM  Tue 10-Jun-2014_0.481kwh 
__9AM Wed 14-May-2014_0.211kwh
  __10PM 26-May-2014_0.40kwh  
  _3 PM  5-Dec-2014____0.392 kwh  
 __7 AM Tue 10th-Jun-2014____1.798 kwh
_9AM  Wednesday 1-Oct-2014__0.175kwh 
 1 AM  3rd-Feb-2014__0.233  kwh 
__9AM  20-Sep-2014____0.548kwh  
 _7PM  Mon 20th-Oct-2014_0.994kwh 
  __4 PM   Thursday 19th-Jun-2014__0.691kwh
4PM   Fri 21-Nov-2014__0.171kwh 
  _11AM   29-Sep-2014_0.333 kwh  
  _2 AM  14-Jul-2014__0.432kwh  
__3 PM Sun 18-May-2014____0.727  kwh 
8PM   Sat 15-Feb-2014___1.771 kwh
_11 PM  18-Jul-2014___2.16kwh  
_8PM   Saturday 14-Jun-2014____3.499  kwh  
_5 PM  Sat 14th-Jun-2014_1.393  kwh  
1PM   6th-Aug-2014___0.562  kwh  
 6AM Wed 8th-Jan-2014___2.376  kwh 
 _3PM  Wednesday 11th-Jun-2014__0.864kwh
  __10 PM 10-Jan-2014_1.12  kwh  
  _3AM   Mon 01-Sep-2014___0.168  kwh 
10 AM   28th-Mar-2014__0.381  kwh 
 __11PM  4th-Jan-2014___2.10  kwh  
_8 AM   07th-Mar-2014_0.275 kwh 
10PM 15-Feb-2014____0.446  kwh 
_10AM   Tue 2-Sep-2014_0.249  kwh
_7 PM 17th-Oct-2014_0.907  kwh  
  12AM 30-May-2014___0.278 kwh
 1PM   Wednesday 15th-Oct-2014___0.264kwh  
 _6AM  Thursday 3rd-Apr-2014___0.342kwh 
  __8PM 24th-Nov-2014___0.821kwh
  __9PM   11-Jul-2014____1.046 kwh  
  11AM   16th-Nov-2014____0.292kwh  
  __1AM  26th-Oct-2014____0.18 kwh  
 5 PM   Friday 14-Nov-2014____0.655 kwh  
 _12AM   25th-Jan-2014_1.616  kwh 
__1PM  1-Feb-2014_0.756kwh  
_7 AM   Saturday 1-Mar-2014___0.778kwh  
  _8PM   Fri 14th-Nov-2014_0.763kwh
  7AM  27th-Apr-2014____0.414kwh 
  __11 PM  Friday 11-Apr-2014___0.315  kwh
 1PM 08-Sep-2014__0.283 kwh
_1 AM  10th-Aug-2014__0.36kwh
 6PM  Saturday 4th-Jan-2014__3.96 kwh  
__6PM Fri 10-Oct-2014_1.00 kwh 
  2AM  Sunday 17th-Aug-2014____0.367 kwh
 __1 AM Fri 28th-Mar-2014_0.168kwh  
 __1PM Thu 4-Sep-2014_0.255kwh 
_7AM 23-Aug-2014___1.166 kwh 
  __10AM 9-Oct-2014__0.192 kwh  
__12AM Sun 6th-Jul-2014__1.824kwh 
  4 AM   Tue 19-Aug-2014_0.262  kwh  
  10PM  27th-Mar-2014___0.372 kwh  
 __10AM  Wed 31-Dec-2014_0.418kwh
 __9PM   Wed 12th-Feb-2014____0.576kwh
 9AM Fri 12-Sep-2014____0.223kwh 
_9AM   12th-May-2014__0.247  kwh  
3AM 22nd-Feb-2014____0.31  kwh
8AM  02-Aug-2014_1.326  kwh  
_11PM 10-Dec-2014___0.594kwh  
 _7AM Monday 11th-Aug-2014___1.166  kwh  
  9 AM  Sun 7th-Dec-2014_0.891 kwh  
  2PM   24th-Oct-2014__0.25  kwh 
 __4PM 27th-Nov-2014____0.169kwh  
  __11AM  Sunday 9-Feb-2014___0.77kwh 
  5AM  30th-Jul-2014__2.746 kwh 
  11 PM Mon 24th-Nov-2014__0.214 kwh  
12PM Tue 29th-Jul-2014____1.068 kwh  
  7 AM  Saturday 8th-Mar-2014____1.075  kwh 
 2 PM Wed 19th-Nov-2014__0.153 kwh 
_9 AM   Tue 9th-Sep-2014___0.206kwh 
 __6PM  Sat 05-Apr-2014___0.626kwh  
 _6AM   Tue 11-Feb-2014__1.368kwh 
__5 AM 16-Feb-2014____0.392  kwh
 __12AM 23-Oct-2014__0.196 kwh  
 __3 AM  Mon 11th-Aug-2014___0.218kwh
  5PM Thu 6-Feb-2014__1.31 kwh 
__6 PM Monday 20th-Oct-2014__0.781  kwh
  4 AM Wednesday 26th-Feb-2014_0.25  kwh 
  _12AM 27th-Jan-2014__0.72  kwh  
  5PM 29th-Oct-2014___0.796 kwh  
 _7 PM   Monday 06th-Oct-2014____0.864  kwh
_4AM  10-Jun-2014__0.396  kwh
 _10AM  25-Jan-2014_1.08  kwh
 __3 PM   Thursday 5-Jun-2014____0.778  kwh
_10PM   31st-Oct-2014_0.34kwh
8 PM Thu 10-Jul-2014__3.264  kwh
5PM  Sun 13th-Apr-2014_0.248  kwh 
  7 AM   Wednesday 16th-Apr-2014_0.254kwh
  __1 AM   08-Feb-2014___0.396  kwh
  _4PM 02nd-Feb-2014_0.972 kwh 
 _6AM 14-Jan-2014___2.472 kwh  
__1 PM  Thu 2nd-Oct-2014__0.199 kwh
 _10PM   Thu 25th-Dec-2014_0.539kwh
  7AM  Fri 04-Jul-2014_2.117 kwh 
 __10AM  Fri 2nd-May-2014_0.378 kwh 
_10 PM   14th-Aug-2014____0.606kwh  
  _7PM Mon 18-Aug-2014____2.117kwh  
  _12 AM   08-Mar-2014___0.595kwh
__10PM  17-Nov-2014____0.234  kwh 
12AM  11th-May-2014____0.646kwh
  __9AM   Monday 14-Apr-2014_0.078kwh 
 11PM 20th-Jul-2014_1.08 kwh
 _8PM   Sunday 16th-Mar-2014___1.541 kwh  
_9 PM 6-May-2014____0.504 kwh 
  _5PM  Sat 17th-May-2014___0.677  kwh  
 __3AM Sunday 12-Jan-2014__0.498 kwh  
  3PM Tue 1st-Jul-2014_0.797  kwh 
  _10AM  23-Nov-2014__0.308 kwh  
  __6 AM Sat 19th-Apr-2014____0.276  kwh  
9 PM   Wed 7-May-2014__0.432 kwh 
 8 AM   Fri 30th-May-2014___0.256  kwh 
  11AM Sun 30-Nov-2014___0.216 kwh
  __7PM  Thu 13th-Feb-2014____2.311 kwh 
2AM 29-Aug-2014_0.233kwh 
_10AM   21-Dec-2014____0.70  kwh  
  _2 PM 01-Mar-2014___0.736kwh 
 __1 PM 13th-Jul-2014___1.339kwh  
  __5AM   Saturday 28th-Jun-2014__0.508kwh  
4 PM 10-Jan-2014__0.92kwh 
 __11 PM   29-May-2014____0.408 kwh 
 3PM Wed 15-Jan-2014____0.784  kwh 
 _12 PM 19-Aug-2014_0.66kwh
_2AM  Thu 30-Oct-2014__0.119  kwh 
  __11 PM   14th-Jan-2014____0.84kwh 
  _6PM  Wed 12th-Feb-2014____1.781  kwh  
  __9AM  Fri 15-Aug-2014___0.317kwh 
__8 AM   12th-Mar-2014_0.285kwh  
 _1 PM  Friday 31st-Oct-2014_0.283kwh 
__3PM  9-Jun-2014__0.655 kwh 
 _4AM  Mon 13-Oct-2014__0.133  kwh 
_1PM   19-Jan-2014____1.02 kwh
 3AM  Thu 15-May-2014__0.141kwh 
__3 PM  17th-May-2014___0.857kwh
_4AM   14-Aug-2014_0.221  kwh 
  __7PM   12-Apr-2014_0.583kwh  
  __6PM  Sat 23-Aug-2014____1.922  kwh 
__12PM  02nd-Aug-2014___0.799 kwh
  __3 PM   Wed 1-Jan-2014____0.72  kwh
  6AM   Sunday 26-Oct-2014_0.523  kwh 
  _3PM Friday 29-Aug-2014__0.504 kwh
__12PM   15th-Jul-2014_1.14 kwh  
_10 PM  1st-Sep-2014_0.301kwh  
 4AM   Tue 18th-Feb-2014___0.235 kwh  
 _2PM  23-Dec-2014__0.392 kwh  
  __9PM  Monday 5-May-2014__0.394kwh
 3AM  22-Nov-2014_0.151  kwh 
__1AM 14-Nov-2014_0.087 kwh  
3AM  27-Jan-2014___0.356 kwh  
12PM 10-Apr-2014___0.147kwh
__7AM   27th-Mar-2014____0.842 kwh  
  2PM   16-Jun-2014___0.814kwh
  _6PM Mon 15th-Sep-2014_0.872  kwh 
7AM  Sat 13-Dec-2014___1.373kwh  
7 AM   18-Feb-2014__1.08 kwh
__7AM 18-Dec-2014___0.832  kwh 
  11AM   30-Sep-2014____0.305  kwh
 5 AM 8th-Aug-2014_1.412  kwh
  _12 AM 15-Jun-2014____1.584 kwh
 _12PM  Sat 30-Aug-2014___0.763 kwh  
  11AM   15-Jun-2014_1.123  kwh
_10AM  Thu 13th-Nov-2014____0.149 kwh
__2PM   Sat 19th-Apr-2014__0.278 kwh
 _8PM Sat 2nd-Aug-2014_2.57  kwh 
_9PM   Sun 29th-Jun-2014__1.242kwh 
 _3PM  7th-Oct-2014_0.259 kwh 
 __2 PM  2nd-May-2014___0.256 kwh  
 5 PM  Tue 27-May-2014___1.05  kwh 
__4PM  03rd-Aug-2014____1.015 kwh 
 3PM   Wed 9-Apr-2014_0.113  kwh  
_6PM   Sunday 2nd-Nov-2014___0.794kwh
 _4 PM   18-Nov-2014___0.164kwh
 __3 PM Tue 18-Mar-2014__0.342  kwh
  8PM   Monday 13-Jan-2014__3.584kwh 
  5AM Sat 5th-Jul-2014__0.799kwh
__10AM 24th-Jul-2014__0.883kwh
 _10AM  Tue 24-Jun-2014_0.785  kwh  
__1 AM  7-Aug-2014___0.254  kwh
  6AM 24-Mar-2014___0.845  kwh
_9 AM  20-Jul-2014_2.225  kwh  
 _8 AM   6th-Sep-2014____0.792kwh  
  12PM  24th-Dec-2014____0.457kwh
 _12PM Tuesday 13-May-2014____0.348  kwh 
 6AM  22-Dec-2014__1.518 kwh
 _2AM Wednesday 30th-Apr-2014____0.051 kwh  
 _7 PM  Saturday 25th-Jan-2014_3.924  kwh  
  12AM   25th-Sep-2014__0.252  kwh 
 __4AM   16th-Dec-2014____0.262  kwh
6PM Sunday 8-Jun-2014__3.24kwh  
 7PM   26th-Nov-2014____0.915kwh 
 _5 AM Thursday 20th-Nov-2014_0.535kwh  
 __10 PM 20-Apr-2014__0.123  kwh 
  _12AM Sat 28th-Jun-2014__1.195  kwh  
  __7PM Fri 6-Jun-2014___3.143kwh 
 _2 AM Monday 17-Mar-2014____0.134  kwh 
_11AM  Sunday 19th-Jan-2014__1.008 kwh  
_9AM 28th-Sep-2014___0.617  kwh 
 _8 AM  Saturday 1-Nov-2014_0.532  kwh  
 __4AM Monday 14-Apr-2014_0.055kwh  
  __5AM   11-Jun-2014_1.921 kwh  
 __2AM  7-Aug-2014_0.25kwh 
  _9PM  Thursday 20th-Feb-2014____0.619  kwh
4 PM   Saturday 19th-Jul-2014____2.074  kwh 
  _4 PM   09th-Apr-2014_0.103 kwh  
  __7PM 4-Jan-2014__3.78 kwh 
  _6 PM  Wed 17th-Sep-2014___0.941kwh 
 2PM  Wed 13-Aug-2014___0.413kwh  
  12 PM  02nd-Jan-2014____0.84kwh
_10PM   Friday 28th-Mar-2014___0.538  kwh  
6PM  Sun 20-Jul-2014__4.709  kwh  
  __8PM   12-Dec-2014___1.654kwh
 _10AM  Fri 22-Aug-2014____0.562  kwh 
  _12PM Thursday 24-Jul-2014__1.032 kwh  
 7 PM  7th-Jan-2014___3.42 kwh 
  11 PM   20-Jan-2014____1.06  kwh 
  _3 PM   11-Aug-2014___0.518 kwh
_7 PM  Tue 4-Nov-2014___0.818  kwh
1AM   Sun 18th-May-2014____0.226  kwh 
_1PM  21-Apr-2014___0.133 kwh  
__5AM   Mon 2-Jun-2014____2.079  kwh
  7AM   Monday 14th-Jul-2014___2.074kwh
 9PM 20-May-2014_0.432kwh 
  7 AM  Tue 9th-Dec-2014___0.941  kwh 
 _5PM  Wed 11th-Jun-2014__2.083 kwh
_12AM  Saturday 8-Nov-2014__0.378kwh
_2PM   26-Mar-2014____0.365kwh  
2PM   Sunday 20th-Apr-2014____0.197 kwh 
  _1PM   Mon 23rd-Jun-2014__0.605kwh
1AM   20-Dec-2014__0.386  kwh 
__5PM  Mon 17th-Nov-2014_0.62kwh
 _3PM 25-Apr-2014____0.12  kwh
__12AM 26-May-2014__0.276  kwh
  __8AM  Saturday 12th-Apr-2014__0.452 kwh  
__2AM 15th-Jun-2014____0.54kwh
  _2AM Sat 25-Oct-2014__0.193 kwh 
12AM Mon 1-Sep-2014___0.204 kwh  
10 AM 6-Jan-2014_0.68kwh 
__9PM   Tuesday 1-Jul-2014____1.454 kwh
  _1AM  Wednesday 1st-Jan-2014__0.34  kwh
 _11PM 31-Jul-2014__1.356kwh  
  _11PM   Fri 09th-May-2014___0.896 kwh
 _7 PM   Fri 21st-Feb-2014____2.203  kwh 
10PM  Thursday 19-Jun-2014___1.044 kwh
  __5AM  12th-Jun-2014_2.138 kwh  
 4AM 15th-Mar-2014____0.228kwh  
 _8 AM   Wed 19-Nov-2014___0.185kwh
_7 AM   Thu 11th-Sep-2014__0.573  kwh  
1AM   16-Apr-2014_0.05 kwh 
_1AM  Tue 21st-Oct-2014__0.142kwh  
  __11 AM Thu 20th-Nov-2014__0.23  kwh  
  _10 AM 19th-Jan-2014_1.224 kwh
__8AM   Friday 25th-Apr-2014____0.118kwh  
_3 AM   Monday 16th-Jun-2014___0.367  kwh  
6 AM 7-Nov-2014_0.643  kwh  
  _10AM   14th-Mar-2014_0.269  kwh  
  9 AM   Mon 13th-Jan-2014____0.60 kwh  
  8 PM  Wed 30-Apr-2014____0.542 kwh  
12PM  Monday 10-Nov-2014____0.196  kwh 
9PM   Wednesday 12-Mar-2014_0.408 kwh
  __7 PM Sun 25-May-2014_1.627kwh 
 4AM   25th-Jan-2014__0.654kwh 
 5PM 31-Dec-2014____1.544  kwh  
__11AM  5th-Mar-2014__0.448 kwh 
  9 AM  Mon 10-Mar-2014____0.257 kwh  
 __8AM   Friday 9th-May-2014_0.349  kwh  
_7 PM Tue 18-Feb-2014__2.03  kwh  
_2 AM   7-Apr-2014____0.049 kwh 
__6AM   12th-Apr-2014_0.226kwh 
_4AM   Mon 22-Sep-2014_0.15 kwh
 1 AM 08-Sep-2014__0.119  kwh 
  __11PM 30-Dec-2014__0.556  kwh  
 2AM   Sat 30-Aug-2014_0.41 kwh 
  _7AM  10th-Feb-2014__1.102kwh 
_10AM  16th-Mar-2014__0.48kwh 
  __2PM Wed 23rd-Apr-2014_0.133kwh 
  _8 PM   Mon 14th-Apr-2014____0.437  kwh
 3 PM  4th-Sep-2014____0.238 kwh  
 __6AM  9-Feb-2014_1.008  kwh
 _1AM  Fri 29th-Aug-2014____0.257kwh 
 11AM   Sat 23rd-Aug-2014___0.619kwh  
__8 AM   4th-Jan-2014_3.016 kwh
__6AM Thu 12th-Jun-2014___2.182 kwh
 __4 PM  Wed 8th-Oct-2014_0.221kwh  
5PM   27th-Nov-2014___0.474  kwh  
_4AM  6-Oct-2014___0.096  kwh
_5 PM   Sun 12th-Oct-2014_0.497 kwh  
1 PM   Sun 3-Aug-2014__0.814  kwh 
  __5AM 20-Mar-2014____0.774kwh 
  2AM   05-Oct-2014___0.173 kwh 
  __8PM   18-Jul-2014____3.533 kwh 
6PM  2-Sep-2014____0.98  kwh 
 6AM  29-Jan-2014___2.496kwh  
_1PM   16-Aug-2014____0.583  kwh
 4 PM  27-Mar-2014____0.269 kwh  
  _7 PM 12-Dec-2014_2.039 kwh 
 __4 PM  8-Dec-2014___0.44  kwh
  2AM   Thu 11th-Dec-2014_0.176 kwh
_11PM Wed 03-Dec-2014_0.605kwh 
 _8 PM Saturday 13th-Sep-2014__1.071 kwh  
  _4 PM   18-Aug-2014__0.408  kwh
  10AM Wednesday 12th-Mar-2014____0.323 kwh
  __5AM  Sun 17-Aug-2014__0.371 kwh
_4 PM 21st-Dec-2014__1.03kwh  
  11 AM  1-May-2014_0.44  kwh  
_11 PM  25th-Apr-2014_0.357kwh
  __6 PM   11th-Feb-2014_1.378 kwh
_1PM Sunday 1st-Jun-2014__1.058kwh  
  7 AM   Sat 12th-Apr-2014_0.356 kwh
__7 AM   24-Jul-2014_2.138kwh  
 _11PM   16th-Feb-2014__0.678 kwh 
  _5PM 27th-Jun-2014___1.872kwh
  10AM   23rd-Aug-2014___0.698  kwh 
_8AM   3-Apr-2014__0.11kwh  
  12 PM  Monday 10-Mar-2014___0.372 kwh 
 _8AM 18th-Jul-2014__1.133 kwh
  __9 AM 6-Oct-2014____0.214 kwh 
 _9PM  Mon 25th-Aug-2014____0.72kwh  
_8AM  19th-Sep-2014___0.238kwh  
 _7PM 03-May-2014___1.238  kwh  
_4PM  Wednesday 26th-Mar-2014____0.31kwh  
  _8AM   Mon 15th-Sep-2014___0.241  kwh 
  6PM Thu 8th-May-2014__1.064kwh 
 10PM  Thu 30-Jan-2014___0.83  kwh  
__11 AM   05th-Oct-2014_0.356 kwh
12AM Wed 26th-Feb-2014____0.418kwh 
_12 AM 26-Jul-2014___1.613 kwh  
  __6PM  Wed 21st-May-2014____1.344 kwh  
 __1PM   Mon 05th-May-2014__0.368  kwh  
_3PM  01st-Apr-2014____0.137kwh
  _2AM  Tue 12-Aug-2014_0.192  kwh
  11AM 07th-Apr-2014___0.144 kwh  
4AM  26-Jul-2014_0.59  kwh
_6PM Wed 3-Sep-2014__0.833  kwh 
  _5AM 14-Dec-2014_0.264 kwh 
_3PM  Thu 17-Jul-2014____0.97kwh  
  __2 PM  Wednesday 11-Jun-2014_0.864  kwh
  __2 PM  28-May-2014___0.282kwh 
5AM 15th-May-2014_0.845  kwh
  _4AM   Monday 24th-Feb-2014____0.202kwh
5 PM   Saturday 15th-Nov-2014_0.47kwh 
  __9AM   Tuesday 8-Apr-2014_0.105kwh
  _2 PM Sat 15-Nov-2014____0.292  kwh  
 _4 PM Fri 15-Aug-2014____0.451  kwh  
__8PM 24-Aug-2014__2.311kwh  
_6 PM   Thu 17th-Apr-2014_0.374kwh  
_7PM  16-Jul-2014_4.234kwh  
 __9PM  Tue 21st-Jan-2014____1.14  kwh 
  _1 PM   Wed 01st-Jan-2014___0.784kwh  
 10PM   Sat 27th-Dec-2014__0.466kwh
_9 PM  Sat 18-Oct-2014__0.23  kwh
 __6 AM Monday 03-Mar-2014_0.787 kwh
1AM  Sunday 11th-May-2014___0.228kwh  
__3PM Thursday 23rd-Jan-2014__0.72  kwh  
__10PM Mon 27th-Jan-2014__0.97 kwh
 _4 AM Tue 25th-Mar-2014___0.149 kwh  
  _2 PM   18th-Mar-2014__0.349  kwh
_7AM  Thu 6-Mar-2014__0.641 kwh
  7 PM Sun 16-Nov-2014__0.867 kwh  
 __7 AM Mon 23-Jun-2014__1.409 kwh  
 __10PM   22nd-Dec-2014____0.539kwh 
  1PM   27-Jul-2014____1.411  kwh  
9PM  6-Nov-2014___0.308kwh 
  12PM 7th-Sep-2014___0.475 kwh 
  3 AM   Sat 26th-Jul-2014__0.605 kwh 
  1 PM 6th-Jun-2014_0.842kwh  
_12 AM  20th-Mar-2014_0.24 kwh  
7AM  Thursday 5th-Jun-2014____1.523  kwh
__8AM   11th-Jun-2014__0.619 kwh
__1PM   6-Jul-2014__1.224 kwh
  _2 AM  Sun 9th-Nov-2014__0.123 kwh 
_2PM   Wed 16-Jul-2014___0.979 kwh 
__8PM  Wed 05th-Nov-2014__0.605  kwh
__3AM 10th-Feb-2014___0.233 kwh
  __9AM  Thursday 04th-Sep-2014___0.197 kwh 
  2 AM Tue 5th-Aug-2014___0.206  kwh 
  _4 AM   Fri 31st-Oct-2014__0.127 kwh  
__9PM  Sat 15-Mar-2014_0.381kwh
6AM   10-May-2014_0.595  kwh  
 _7AM  Sunday 29th-Jun-2014___1.75kwh
_2PM  Fri 21st-Nov-2014_0.158 kwh
 _10PM   Sun 24th-Aug-2014____0.498 kwh 
  _12PM   05-Jul-2014___1.181kwh 
 __3AM  Thu 10-Apr-2014__0.07kwh 
  _3 PM  Wed 1st-Oct-2014____0.192kwh 
  _5AM  01st-Jun-2014_0.491kwh 
  __11AM   Wednesday 10th-Sep-2014_0.312  kwh 
 10 PM 18-May-2014____0.452 kwh 
_10AM  Wed 5-Nov-2014_0.158  kwh  
 __3AM Wed 8-Jan-2014___0.332kwh  
  __4AM  Wed 17th-Sep-2014__0.14  kwh 
  __3 AM 02-Jan-2014_0.464 kwh 
 10AM  Tue 13-May-2014____0.256 kwh  
 7PM   22-Oct-2014___0.875kwh
9PM Mon 7-Apr-2014____0.198 kwh 
7 AM   Sat 29th-Mar-2014____1.037 kwh  
  _4PM 6th-Mar-2014_0.275  kwh
 _11PM   05-Jan-2014__1.07kwh 
6 PM  9-Apr-2014___0.496kwh  
  _5 AM   24th-May-2014___0.247  kwh
11AM   Thursday 6-Mar-2014_0.348 kwh  
_4PM   Sat 4-Jan-2014____2.106 kwh  
 _7AM   Sat 31-May-2014___1.037 kwh  
12 AM 8-Feb-2014_1.056  kwh 
 _4 PM  30-May-2014___0.301 kwh 
_5PM Mon 17-Mar-2014__0.998 kwh  
 __4 AM  12th-Mar-2014_0.174  kwh 
_8 AM 08th-Apr-2014___0.125 kwh
 __1AM Mon 07th-Apr-2014____0.064  kwh  
 __3PM   Sun 20-Jul-2014_2.268kwh
  _5AM   03rd-Jan-2014_2.288  kwh
_4PM  13th-Mar-2014__0.317  kwh
_5PM  2-Jun-2014__2.176kwh  
 3AM   8th-Oct-2014____0.107 kwh
 _8AM  7-Aug-2014_0.533 kwh
 6 AM  07th-Oct-2014____0.662 kwh 
7 AM Wed 7th-May-2014__0.706  kwh
  _9 AM 18th-Dec-2014___0.376kwh  
 11 AM Fri 18th-Apr-2014____0.15 kwh 
 8 PM Sunday 28-Dec-2014___1.723kwh  
 12AM Tuesday 18th-Nov-2014_0.144 kwh
_4 AM   1-Mar-2014____0.288  kwh 
  11PM  Friday 07th-Mar-2014___0.744kwh  
 1PM   Fri 4-Apr-2014___0.13kwh 
__8 PM  06th-Nov-2014____0.828 kwh 
  4PM  Wed 25th-Jun-2014__0.619kwh  
_1PM 27-Jun-2014____0.828 kwh  
  9 AM  26-Sep-2014____0.168kwh  
  _1PM 11-Jun-2014__0.626 kwh 
 _11AM Sat 2-Aug-2014__0.828 kwh
  __8AM   19-Jan-2014____2.938  kwh  
 __1PM Friday 17th-Oct-2014___0.257kwh
  __5PM 7th-May-2014____0.915 kwh  
  __12PM 4th-May-2014__0.389kwh
_7AM  15-Oct-2014__0.556 kwh 
 11 AM   Thu 21-Aug-2014_0.516kwh  
  _10 PM  15th-Apr-2014____0.173  kwh
__8PM 4-Mar-2014_1.152kwh 
_8AM  Wed 1st-Jan-2014___0.656  kwh  
_4 PM Tuesday 29th-Jul-2014__0.826 kwh  
__10PM   Saturday 20-Sep-2014___0.227 kwh
6 PM Sun 28-Sep-2014____1.033kwh
_12AM   Thu 27th-Nov-2014___0.136kwh 
__5 PM   Fri 4th-Jul-2014_2.621 kwh
9 PM  3-Aug-2014___0.756 kwh  
_7AM   28th-Jul-2014__2.052  kwh
  12AM 17th-Jul-2014__0.864 kwh
  4PM 13th-Dec-2014____0.802kwh  
 _10 AM   11th-Oct-2014___0.40kwh 
__8PM  Sunday 20-Apr-2014_0.589 kwh  
__8AM   Mon 8-Dec-2014_0.405 kwh 
 _4AM   Mon 08th-Sep-2014__0.143 kwh  
  7PM  1-Feb-2014___2.225 kwh  
  __9AM  Thu 04-Dec-2014___0.264kwh 
 _2AM   Sunday 23-Mar-2014_0.206  kwh  
__5AM Saturday 9th-Aug-2014__0.338 kwh 
_3 PM Sun 12-Oct-2014__0.632 kwh
  _4PM   24-Feb-2014___0.384kwh
 _12 PM  15th-Oct-2014___0.348kwh 
 8AM   Sat 29-Mar-2014___1.154 kwh 
 __6AM  7-May-2014_1.027  kwh  
 3PM   14-Apr-2014_0.115 kwh  
 __2PM  Friday 26-Sep-2014__0.314kwh
  1PM 27th-Jan-2014__0.648kwh 
 4AM  07-May-2014__0.184  kwh
 __10AM  9-Mar-2014_0.528  kwh
_5 AM  28th-May-2014____1.03  kwh
4PM  Tue 13th-May-2014__0.368  kwh  
  _6 AM 18th-Sep-2014___0.748 kwh 
 __4PM  Tue 11th-Nov-2014_0.205  kwh
  4AM Sunday 27-Jul-2014___0.806  kwh 
_2PM   Fri 15-Aug-2014_0.523  kwh
_10PM 30-May-2014_0.582kwh  
1AM Monday 15th-Sep-2014_0.118  kwh 
  __12 AM Mon 24-Feb-2014___0.374kwh  
  _1 AM   Sun 2nd-Mar-2014__0.206kwh  
 6AM  23-Sep-2014___0.941  kwh 
 4AM   04th-Aug-2014__0.245kwh
  8AM  08-May-2014__0.317kwh
  __5PM  15-Jun-2014_1.782kwh  
 __10PM   26th-Aug-2014__0.612  kwh 
12PM Mon 8-Dec-2014__0.627  kwh  
 __8AM Wed 26th-Nov-2014____0.20kwh 
 3PM   28-Nov-2014__0.153  kwh 
 _3PM   Sat 29th-Mar-2014__0.85kwh  
  3 AM   Friday 23rd-May-2014__0.134 kwh
  _7AM   Sun 23-Feb-2014____1.397 kwh 
 8 AM  Tuesday 23rd-Dec-2014___0.493 kwh  
  _11PM Tue 15-Apr-2014_0.168  kwh 
  10AM  Fri 19-Sep-2014_0.286kwh  
  _11PM 16-Jul-2014_1.14  kwh 
  4AM   25th-Feb-2014__0.25 kwh 
_1 AM   28-Feb-2014___0.194 kwh 
  __1PM   Sat 22-Nov-2014__0.302kwh
 _11AM 18th-Sep-2014__0.354kwh  
  7AM   Wed 28-May-2014_0.763  kwh
 __10PM  Sun 28-Sep-2014__0.364 kwh 
  _2 AM   Tue 10-Jun-2014_0.353kwh  
 _4PM  26-Apr-2014_0.302 kwh  
  4PM  Wednesday 26-Feb-2014___0.466kwh  
__9 AM   Mon 01st-Sep-2014_0.174 kwh 
 __5 PM Tue 28-Jan-2014_2.912  kwh
__2PM  13-Feb-2014____0.538 kwh 
 _1 AM  Mon 20th-Jan-2014____0.476kwh  
1 PM   Wednesday 17-Dec-2014___0.502  kwh 
  _9 PM  Thu 20th-Mar-2014____0.403kwh  
 __8PM 28th-Sep-2014___1.336 kwh 
 _9 AM Sat 15-Mar-2014__0.605kwh  
  __3 AM  4th-May-2014_0.228  kwh  
  6PM  25-Feb-2014___1.999  kwh 
  _10 PM  Thursday 27th-Feb-2014____0.72kwh  
5PM Fri 31st-Oct-2014_0.749kwh
  __12 PM  Thursday 20-Nov-2014___0.20  kwh
  __7AM   Sun 27-Jul-2014___2.534 kwh 
 __11 PM   4th-Oct-2014_0.714  kwh
 _4PM   Mon 23-Jun-2014__0.619kwh 
 _5PM  Thu 20th-Feb-2014_1.638kwh  
  __12 AM   Friday 27-Jun-2014____0.643 kwh  
 _1PM  14th-May-2014_0.294 kwh
  11AM   26th-Feb-2014___0.54kwh 
  __2 AM Wed 20th-Aug-2014___0.211kwh  
 __11 AM  28-Jul-2014_1.104 kwh  
  __8AM  28-Aug-2014____0.494  kwh
  __7 AM   31st-Mar-2014____0.778kwh  
_12PM   Sun 02-Nov-2014___0.311 kwh 
 __9 PM   26th-Nov-2014_0.27  kwh  
 __12PM 28-Jan-2014_1.20kwh 
 5AM  Thursday 23-Oct-2014__0.772 kwh  
__5PM  20th-Apr-2014__0.313 kwh  
 _3 PM   Sat 09th-Aug-2014___1.123kwh  
  7PM   12-Jul-2014____4.752 kwh 
 __1PM Sun 25-May-2014___0.432 kwh 
 _3 AM  23-Apr-2014_0.071 kwh 
 __10AM  Thu 13th-Feb-2014__0.403kwh 
 __9AM  Sun 29th-Jun-2014_1.328kwh 
12PM   16th-Sep-2014_0.308 kwh  
 _7 AM  Fri 30-May-2014___0.792 kwh 
 _11 PM  Mon 24th-Mar-2014_0.388kwh
 _10PM  10-Dec-2014_0.583kwh
_7 PM  10th-Mar-2014_1.152 kwh  
__4 PM 03rd-Jul-2014____0.845 kwh 
  __12AM  Sat 21-Jun-2014___1.469 kwh  
 _3 AM  10th-Nov-2014_0.085 kwh
 1PM  Fri 30th-May-2014____0.362  kwh 
10AM   Wed 24-Sep-2014_0.291  kwh
  11 AM  Thu 03rd-Jul-2014_1.308  kwh 
_12AM  Tue 22nd-Apr-2014_0.076kwh  
 11PM   26th-Sep-2014____0.833  kwh  
6AM   22nd-Apr-2014___0.378 kwh
 _4 PM  23-Feb-2014__1.145  kwh 
 __8 PM  Friday 4th-Apr-2014___0.571kwh  
  __4AM  Wednesday 16th-Apr-2014___0.062kwh
 8 AM  Sun 20-Apr-2014___0.437 kwh
11 PM  Fri 26th-Dec-2014____1.309kwh 
_5PM  21st-Nov-2014___0.626kwh  
_10PM   Tuesday 7th-Oct-2014_0.294kwh 
_11 PM   1st-Jan-2014____1.13  kwh  
  __6AM 16th-Oct-2014_0.641  kwh 
5PM  11th-May-2014__0.583  kwh
 __1AM   01-Jul-2014_0.475  kwh 
  __11AM 29-Dec-2014___0.583 kwh
  3AM  Sun 5th-Jan-2014_0.624  kwh
  9AM  Fri 1st-Aug-2014____0.382  kwh
 _5 AM  Tue 11th-Nov-2014___0.594  kwh 
 8AM   Fri 16-May-2014____0.346 kwh 
  10PM   Tuesday 2nd-Sep-2014_0.354kwh
 12PM  Monday 03rd-Nov-2014__0.20 kwh
  1 AM Friday 14-Mar-2014__0.17kwh  
  _9 PM   Friday 7-Mar-2014____0.288 kwh
_12 AM  7th-May-2014____0.199 kwh  
  __1AM  9th-Sep-2014____0.147  kwh  
9AM 12th-Nov-2014____0.154kwh
  _3 AM   Thursday 24th-Jul-2014__0.456kwh
_9AM 18th-Jan-2014_1.98kwh
 __9AM   30th-May-2014__0.262  kwh  
  6AM 24th-Feb-2014___1.253  kwh
 12AM  Tue 10th-Jun-2014____0.61kwh 
  _1 PM   Monday 19th-May-2014_0.301  kwh
 __7 PM Tuesday 12-Aug-2014____2.182 kwh 
  _7AM   Fri 18th-Apr-2014__0.219  kwh 
_8AM   Tue 25th-Feb-2014_0.446  kwh 
 3AM Tue 1st-Jul-2014_0.398  kwh 
__10 PM Thu 13th-Nov-2014___0.18kwh
 __1AM  12-Apr-2014_0.095  kwh  
 _7 AM   Fri 18-Jul-2014___2.182  kwh  
 _8PM   23-Nov-2014___0.778kwh 
 _3AM  Sun 31st-Aug-2014___0.338kwh 
 __1AM   Tuesday 09-Dec-2014____0.191  kwh
  7AM 22nd-Mar-2014__0.931 kwh
 _9 PM  25th-Jul-2014__0.95 kwh 
_10AM  26th-Feb-2014__0.398  kwh  
 _11PM  Sunday 13th-Apr-2014__0.167kwh
1PM   Sat 13-Sep-2014___0.412 kwh 
 __2AM   Saturday 17th-May-2014____0.226 kwh
  __9 PM Tue 08th-Apr-2014____0.162 kwh
  7PM   Tuesday 25th-Nov-2014___0.745kwh  
 __7AM 15th-Nov-2014____0.459kwh  
  __5 PM  Tue 11-Mar-2014____0.988  kwh 
 __9AM   7-Nov-2014__0.124 kwh 
_6PM   5th-Mar-2014__0.986kwh
 1 AM  17th-Mar-2014___0.178 kwh
  __7PM   05th-Nov-2014___0.964  kwh
_3PM 12-May-2014_0.333  kwh 
1AM   9-Aug-2014____0.41 kwh 
 _6 PM  Mon 22-Dec-2014__1.802 kwh
_4AM   Wednesday 26th-Nov-2014___0.077  kwh 
  __6AM   Monday 28th-Apr-2014_0.392  kwh  
  _7 AM   Sat 24-May-2014____0.845kwh
 7AM  2-Nov-2014____0.529kwh 
1PM  Fri 05th-Dec-2014_0.37  kwh 
_8AM   Thu 22nd-May-2014_0.314 kwh 
 __12 PM 03rd-Mar-2014__0.396kwh 
_3PM 29th-Jul-2014_1.018 kwh 
  __10 AM  Thu 11-Sep-2014___0.235  kwh 
  _9AM  9th-Nov-2014___0.36  kwh
_3 AM  Tue 21st-Oct-2014__0.132 kwh 
  _4PM   Fri 28th-Mar-2014_0.32 kwh 
  __5 AM  Thursday 06-Feb-2014___1.109  kwh  
 _12PM  Sun 9-Mar-2014_0.451  kwh
_10AM 21-Sep-2014____0.399  kwh 
  7AM 28th-Oct-2014_0.594 kwh  
  __3 AM 27th-Jul-2014__0.842 kwh 
 _4 AM   Tue 04th-Mar-2014_0.176 kwh 
 _5PM  Tue 6-May-2014__1.05kwh
  _6PM  20th-Sep-2014__1.021kwh  
 _6PM   11-Oct-2014____1.156kwh
  _11PM  Thursday 30th-Oct-2014__0.324 kwh  
  __9 PM Monday 6-Oct-2014_0.385 kwh  
8 AM 02-Jul-2014___0.97 kwh
  _1 PM   Tue 08th-Apr-2014____0.108kwh 
  7 PM 3-Oct-2014____1.048 kwh 
  _7PM Wednesday 24-Sep-2014____1.361kwh
_7 PM   6th-Dec-2014__1.96 kwh
__6AM Sat 7-Jun-2014__1.325 kwh  
  _6PM   13th-Oct-2014_0.983kwh
_11 AM 18-Dec-2014_0.484 kwh 
 __2 AM  11-Jun-2014___0.396 kwh  
 __4PM   Friday 7th-Mar-2014__0.368 kwh
  6AM   Monday 13-Oct-2014_0.806kwh 
  _3 AM   5-Jun-2014_0.299 kwh
  _11AM 22nd-Apr-2014_0.125 kwh
  _8PM  Thu 18-Sep-2014_1.322 kwh  
 _5PM Sunday 28-Dec-2014____1.059kwh
  2AM   21st-Mar-2014___0.186kwh  
  __7 PM   22-Sep-2014__1.424  kwh  
 4PM   Mon 31st-Mar-2014_0.278 kwh 
_2 AM   28th-May-2014___0.179 kwh 
_7PM  11th-May-2014__1.325 kwh 
  12PM  Mon 10-Feb-2014____0.648  kwh
7 AM  Tue 30th-Sep-2014____0.737  kwh
_6AM  14-Sep-2014_0.526kwh  
  3PM Thu 06th-Mar-2014___0.365 kwh
  _3AM  06th-Oct-2014_0.113kwh
 __2AM Monday 21-Jul-2014_0.422kwh  
  _10AM Wed 19th-Feb-2014____0.442 kwh 
  __12PM   Sun 27-Apr-2014___0.169  kwh 
  12PM Mon 27th-Oct-2014_0.336kwh 
  9PM   Thu 17th-Apr-2014__0.166  kwh
__1AM   14th-Apr-2014__0.053 kwh
 3AM Friday 25th-Jul-2014___0.422kwh 
 _7AM  13-Jul-2014_2.707kwh  
__6PM   Sunday 19th-Jan-2014____2.88 kwh 
__8PM   Tue 15th-Jul-2014____3.456  kwh
__11 AM   Fri 31st-Oct-2014__0.327kwh  
 __1AM   Sun 2nd-Feb-2014_0.324  kwh
 _7 PM   01st-Aug-2014_2.462 kwh
_7 PM   12th-Mar-2014____1.598kwh  
_4 AM   16-Feb-2014____0.328 kwh
 4PM  Tue 9th-Dec-2014__0.524kwh
  7AM   29th-Apr-2014____0.24kwh
  __1 PM Fri 10th-Oct-2014__0.276kwh  
__12PM 5th-Apr-2014____0.196kwh
  4AM  10-Jul-2014___0.437 kwh 
  _5PM   5-Mar-2014__0.926  kwh 
6AM  10-Dec-2014__1.386  kwh 
  _6 PM 24-Sep-2014_0.794 kwh 
4 PM  10th-Apr-2014_0.104kwh  
 _9PM   Wed 3-Sep-2014__0.504kwh 
__9PM   Thu 15-May-2014____0.528 kwh
  __9AM 30-Sep-2014____0.216 kwh 
 __5 PM 4-Jan-2014_1.53  kwh
  __9 PM   Thursday 03-Jul-2014___1.397  kwh  
_9AM   Wed 24-Sep-2014___0.221kwh  
 11 AM   5-Jul-2014___1.714  kwh
 _3PM   Sun 26-Oct-2014_0.616 kwh
  __1 AM   6-Apr-2014__0.085 kwh  
  8AM   Sun 06-Apr-2014__0.312kwh
  _4 AM   Wed 26th-Mar-2014_0.163  kwh  
 _1AM  Mon 21st-Jul-2014__0.389 kwh
  __6 AM  Thursday 02nd-Jan-2014__2.256 kwh
  2PM   Mon 18-Aug-2014__0.49  kwh  
__4 PM Mon 14th-Jul-2014____0.95kwh
  __5 AM  24-Feb-2014_1.465kwh  
__3 AM   Sat 12th-Jul-2014_0.842  kwh  
_2PM 26th-Jun-2014___0.576  kwh  
 6 PM  Thu 02nd-Jan-2014____2.352 kwh  
 7PM   Sun 5th-Oct-2014_0.929 kwh
 __8AM 25-Sep-2014_0.294 kwh  
  __12 PM   15-Dec-2014___0.451kwh 
  __7AM 23rd-Oct-2014__0.491  kwh 
 __6 AM  17th-Apr-2014__0.338 kwh  
  _12AM 19-Mar-2014____0.259kwh 
 2AM   04th-Apr-2014___0.05 kwh
__12PM 26th-Mar-2014_0.34kwh
 8 PM  Sat 7th-Jun-2014__2.624kwh  
_10AM   05th-Mar-2014___0.291kwh 
  _3AM Thu 18-Sep-2014_0.144  kwh 
  _9PM 09-Jul-2014__1.21 kwh  
4AM 19th-Oct-2014____0.189 kwh  
 11 AM  Mon 04-Aug-2014__0.708  kwh 
__10AM   21-Jul-2014__0.95  kwh 
  _8AM   Thu 27th-Mar-2014__0.291 kwh 
  __3 AM 20-Sep-2014___0.172  kwh  
 6AM  Fri 22-Aug-2014____1.656  kwh  
_9PM Thursday 24th-Apr-2014_0.203  kwh
__7PM  Saturday 31st-May-2014__1.339kwh
  5AM Sat 14th-Jun-2014__0.589  kwh  
  __8AM 22nd-Jul-2014___0.806  kwh 
_9AM Sat 17th-May-2014___0.626 kwh 
 _5PM Monday 27th-Oct-2014_0.686 kwh  
6PM Saturday 8th-Nov-2014_0.697kwh
__3 PM Tuesday 15-Apr-2014___0.127kwh 
 2PM 09-Nov-2014__0.403kwh
 __12PM   21st-Jul-2014_1.32  kwh
  __9PM   Sat 16-Aug-2014___0.461 kwh  
4PM 14th-Aug-2014_0.389kwh  
1 PM Sat 11-Jan-2014____1.08  kwh  
8PM  Wed 02nd-Apr-2014_0.528  kwh
_9AM 28-Feb-2014_0.421  kwh 
  3AM  Wed 19th-Mar-2014____0.171 kwh  
_3AM Wednesday 29-Jan-2014____0.336kwh
  __5 AM  Saturday 1st-Mar-2014__0.269 kwh
 __6AM   23rd-Aug-2014____1.114  kwh
 8PM  12-Jun-2014__2.765  kwh 
10AM   07th-May-2014_0.358 kwh  
  9 PM   Wed 22nd-Jan-2014____1.20 kwh 
 4 PM   Saturday 18-Oct-2014____0.486kwh
_7PM   16-Jan-2014__4.068 kwh  
 9AM Sunday 12th-Jan-2014__1.566kwh
 _12 AM  3-Jan-2014____0.564kwh
 3 PM  20-Jan-2014____0.84kwh 
  __3 AM  15-Jan-2014___0.348  kwh  
  12AM Sat 12-Apr-2014_0.24kwh  
 __5 AM Friday 2-May-2014__1.003  kwh 
  _2 AM  12-Mar-2014____0.152  kwh 
8PM  02-Dec-2014_1.654kwh  
  4 PM   Tue 04-Feb-2014_0.48  kwh  
 _8PM 10-Mar-2014___1.293 kwh  
__6AM   8th-Apr-2014_0.403kwh
4AM  17th-Dec-2014____0.242kwh 
  9PM 30th-Dec-2014____0.733 kwh
 1PM   Wed 05-Feb-2014__0.528  kwh  
  __5AM Tue 9-Sep-2014_0.855kwh  
  8PM  Friday 25-Apr-2014____0.48kwh
_1PM  Mon 22nd-Dec-2014____0.387kwh
9 PM   Monday 20-Oct-2014____0.374kwh  
 _8 PM   Thursday 8-May-2014____1.408kwh  
 _10PM   4-Nov-2014___0.259kwh  
 __6 PM Thursday 04-Dec-2014__1.617 kwh 
12PM   Mon 3rd-Feb-2014__0.516  kwh 
  __1PM   Tuesday 4th-Feb-2014___0.528  kwh  
8PM   17th-Aug-2014___1.901kwh 
__2AM 20th-Nov-2014___0.072 kwh
 _1AM  18-Jun-2014_0.378 kwh  
 1PM   26-May-2014___0.298  kwh 
5 AM 13th-Feb-2014__1.307kwh
2PM  1-May-2014___0.346 kwh  
 5 AM  Sunday 07th-Dec-2014__0.393kwh 
3PM 21st-Jan-2014_0.648  kwh 
_6 PM   Wed 12th-Nov-2014___0.674kwh
 __5 PM   15th-Oct-2014____0.632 kwh 
7PM 18-Jan-2014___3.24  kwh  
  11PM  Sunday 19th-Oct-2014_0.309kwh 
  _9PM  Sat 9th-Aug-2014__0.437 kwh  
 _2 AM  15-Feb-2014_0.349  kwh
  __11AM 22nd-Sep-2014__0.315 kwh 
8 AM  Thu 27th-Nov-2014___0.211 kwh 
 __8AM  Sat 30th-Aug-2014____1.841  kwh
 _6 AM Sat 1st-Nov-2014___0.392kwh
  __3AM  Sat 29-Mar-2014____0.221 kwh
  __7PM Friday 24-Jan-2014_4.212  kwh  
  11AM   21-Feb-2014____0.516 kwh  
  1PM  Mon 07th-Apr-2014___0.098  kwh
_11PM   16-Mar-2014____0.384kwh  
  10 AM  23-Jul-2014__1.066kwh 
 7PM  13th-Dec-2014__1.94kwh 
 9PM  13-Apr-2014____0.202kwh  
 __12AM  Mon 21-Apr-2014____0.10  kwh
_5 PM  Thursday 24-Jul-2014____3.65 kwh  
_10AM  Sun 22nd-Jun-2014__1.188 kwh 
  __1PM   21st-Aug-2014__0.571 kwh
  __4AM   1-Oct-2014____0.096 kwh
 _2AM   25th-Sep-2014____0.133 kwh 
 __4 PM  Mon 16-Jun-2014_0.785 kwh  
  _1 AM Fri 04-Apr-2014___0.051  kwh  
__10AM   27th-Mar-2014____0.278 kwh
 _10PM   10-Apr-2014_0.131 kwh  
  __1AM   Thu 31-Jul-2014____0.413  kwh 
_3PM   6th-Oct-2014__0.197kwh
 _11PM  Mon 07-Apr-2014_0.171  kwh  
 11PM 26-Feb-2014____0.582  kwh 
  _6PM  13-Dec-2014__2.277  kwh
__8PM   Tue 3rd-Jun-2014__3.082 kwh  
  __5 AM   Saturday 8-Feb-2014__0.346kwh 
_5AM Thu 27-Mar-2014___0.959  kwh  
 1PM   11-Nov-2014___0.20kwh
  8PM  16-May-2014__1.421 kwh  
  __4PM   Thu 3-Apr-2014__0.10  kwh 
 _5PM   29-Nov-2014___0.462kwh  
  6PM Friday 2-May-2014_0.986  kwh 
_10AM   Thu 9th-Jan-2014____0.84kwh 
__6 PM  Tuesday 17th-Jun-2014____2.974kwh  
 _4AM   Fri 21st-Mar-2014___0.163 kwh
__2AM Thu 30-Jan-2014___0.44 kwh  
 _12 AM 22-Sep-2014__0.185  kwh
 _10PM Wednesday 13-Aug-2014____0.606kwh 
 4AM Tue 11th-Mar-2014__0.165 kwh 
 __5PM   Fri 30th-May-2014___1.071  kwh  
  3 PM 30th-Aug-2014____1.285 kwh  
_1AM  16-Sep-2014__0.141 kwh  
  8PM   11th-May-2014_1.411 kwh 
  11PM   Thu 2nd-Jan-2014__1.07kwh  
 _10PM  Monday 23-Jun-2014_0.72kwh
 12 AM Thursday 20th-Nov-2014___0.158  kwh
 __7PM  Mon 3rd-Feb-2014__2.311kwh 
  3PM   05-Mar-2014_0.256  kwh
 __9AM 25th-Apr-2014_0.081 kwh
9PM  Sat 15th-Feb-2014__0.562 kwh  
 9PM Monday 15th-Dec-2014__0.70kwh  
  _2PM  Wed 22-Oct-2014___0.216kwh
  5AM   10th-Jun-2014____2.277kwh  
 6PM   Mon 6th-Jan-2014____2.52 kwh  
 _2PM  Friday 28-Mar-2014____0.342 kwh
 _9PM  Tue 25-Feb-2014____0.67 kwh 
 _5PM   14-Aug-2014_1.248kwh 
  _4AM Wed 30-Apr-2014_0.055 kwh
 __2PM  15th-Jul-2014____1.114 kwh  
  10 PM Fri 7-Mar-2014____0.554 kwh
 _9AM   26th-Nov-2014__0.136kwh
 _9 PM  18th-Jun-2014____1.274 kwh 
__12AM   12-Oct-2014__0.485  kwh  
  __4 AM  28th-May-2014___0.176 kwh
_9AM  18-Feb-2014_0.36  kwh 
  _2AM  Sun 16-Mar-2014____0.204 kwh  
  3AM  09-May-2014__0.174  kwh
3AM  13-Aug-2014___0.209 kwh 
__10 AM   Monday 9th-Jun-2014___0.619kwh  
4 AM  Wednesday 22-Oct-2014__0.142  kwh  
12AM 8th-Jul-2014__0.634 kwh  
 _5AM  18th-Mar-2014_0.942kwh
  12AM 27th-Mar-2014_0.271 kwh  
__10 AM  24-Nov-2014___0.144  kwh 
 10 PM   Wednesday 19-Nov-2014_0.182 kwh 
 __12AM   Tue 28th-Oct-2014____0.18 kwh 
_7 PM  6th-Feb-2014___2.268kwh
 10AM 7-Jul-2014_1.056 kwh 
5 AM  2-Feb-2014___0.403kwh
  2 PM  23-Oct-2014_0.262 kwh
 _3 AM  Friday 24-Jan-2014__0.424 kwh  
 9PM  22nd-Aug-2014____0.384 kwh 
_9 PM 10-Jan-2014___0.864  kwh
12PM   Fri 10-Oct-2014_0.255 kwh  
  _8 PM  Wed 29-Jan-2014__3.552  kwh  
 11 AM  22-Nov-2014_0.227kwh
  _10 PM   23-Jul-2014____1.068  kwh  
  _3PM Wednesday 19-Mar-2014___0.358  kwh  
 8 AM Monday 14th-Jul-2014__0.95  kwh 
 _11 AM  Saturday 28th-Jun-2014__1.156  kwh 
7AM  Mon 21-Apr-2014___0.23  kwh  
  _9AM   Wed 19th-Nov-2014____0.127  kwh 
__12PM  26-Sep-2014____0.326  kwh  
12PM  13th-Sep-2014_0.445kwh 
  _11AM  21-Jul-2014__1.26kwh 
  11PM  Sun 30th-Nov-2014____0.266kwh  
  __8 PM  Thursday 20-Feb-2014___1.613 kwh 
_4 AM   5th-May-2014___0.174kwh  
_6 AM   13th-Jan-2014___2.136kwh
  5PM   Mon 4-Aug-2014__1.825 kwh
  _2AM  11th-May-2014__0.266kwh  
  __3PM  09-Jul-2014__1.056 kwh  
__10 AM   Fri 16th-May-2014____0.326 kwh  
 _5PM 02nd-Sep-2014__0.792 kwh  
  6 PM 9-Nov-2014_0.826kwh
 __3PM 8th-Oct-2014__0.202kwh  
 __5AM Tue 4-Feb-2014___1.294  kwh 
 12AM Monday 12th-May-2014__0.226 kwh  
 _4 AM   Tuesday 5-Aug-2014_0.192kwh  
  __9AM   21-May-2014__0.25  kwh
 _4PM 5th-Oct-2014_0.562kwh  
 _7PM   Fri 4th-Apr-2014___0.508kwh  
  _8AM   28-Nov-2014__0.20 kwh 
 __3AM   Tuesday 21-Jan-2014___0.412kwh
  __4 PM  8th-Nov-2014____0.454 kwh
7AM 20-Aug-2014_0.983kwh 
 2PM Tue 08-Apr-2014__0.122  kwh
__10 PM   28-Jan-2014____1.19 kwh 
  _12 PM   3rd-Apr-2014_0.161 kwh  
 __1AM 02nd-Aug-2014_0.335 kwh
  _12PM Tue 14th-Oct-2014__0.345  kwh
1AM 30th-Mar-2014__0.245 kwh 
_3 AM 28-Jul-2014_0.389 kwh  
 9AM 11-May-2014___0.842 kwh 
6AM  Tuesday 28th-Oct-2014____0.814kwh  
 __2AM   Sunday 28-Dec-2014____0.33  kwh 
 11PM 01st-Dec-2014_0.60 kwh
 _10 PM  Sat 13-Sep-2014_0.333  kwh  
  __7PM  Saturday 25-Oct-2014___1.22 kwh  
_7 AM  10th-Mar-2014__0.576 kwh 
  __8PM   6th-May-2014__1.318 kwh
 8PM   17th-Jul-2014_4.339 kwh
12PM   Wed 17-Dec-2014____0.605kwh  
 _6PM  19th-Nov-2014___0.536  kwh
  _8AM  29-Jun-2014___2.621 kwh  
  __4AM  11-Nov-2014_0.082 kwh 
__9PM 21st-Dec-2014____0.733  kwh 
_5 AM   Sun 31-Aug-2014___0.295kwh
  __9PM  14-Aug-2014____0.821kwh  
  __1 PM Tue 22-Jul-2014___1.075  kwh 
 _8PM Monday 24-Mar-2014___1.178  kwh  
 __12AM   5th-Dec-2014_0.343kwh 
12AM Friday 15-Aug-2014____0.324kwh
10PM Mon 20-Jan-2014__0.84 kwh
 __1AM   11th-Aug-2014___0.252 kwh  
8 AM  Tue 1st-Jul-2014_1.056 kwh  
__8 AM  20-Nov-2014_0.171kwh  
_8PM  Tue 20th-May-2014__1.472  kwh  
 __4AM   Tue 24th-Jun-2014____0.41kwh
2AM   19-Sep-2014_0.118  kwh  
  _9PM  Saturday 21st-Jun-2014____0.864  kwh 
_12AM   Tue 7-Oct-2014__0.185kwh  
  _7 PM   23-Jun-2014__2.786  kwh
 _12PM 09-Jun-2014_0.873 kwh
__7 AM  Sun 30-Mar-2014____1.056  kwh  
 11AM  Tue 04-Mar-2014____0.476 kwh 
 __2PM Tue 07-Jan-2014__0.752  kwh  
  _10 AM 13th-Aug-2014___0.446  kwh
1AM  Sat 22-Nov-2014__0.159kwh 
 1PM   12-May-2014_0.371  kwh 
 _3AM  29th-Sep-2014___0.154  kwh  
  12 AM Friday 2nd-May-2014___0.221 kwh
  6PM 13-Sep-2014___1.273 kwh 
  _2PM  Mon 29th-Dec-2014___0.444  kwh 
  __1 AM   Wednesday 23rd-Jul-2014_0.538  kwh
 __9AM   Mon 24th-Nov-2014____0.131  kwh
_7PM  Sun 23-Feb-2014___1.944kwh  
  4AM  Sunday 1st-Jun-2014____0.47 kwh 
 _11PM Mon 27-Oct-2014__0.354 kwh
12AM   21st-Jan-2014____0.702kwh  
 _4PM   27-Dec-2014____0.861  kwh
_8 PM   8th-Aug-2014____1.67 kwh
  _9PM Sun 4-May-2014_0.437  kwh
  3PM Wed 24-Dec-2014___0.502  kwh 
  __12 AM  Thu 03rd-Apr-2014____0.103 kwh 
_6AM  Tuesday 14-Oct-2014_0.662  kwh
7 PM  17th-Jan-2014__3.816 kwh
_3 AM  Thursday 21-Aug-2014_0.209kwh 
3PM   05th-Jan-2014____1.80kwh
__2AM  Mon 19th-May-2014__0.166  kwh  
 11 PM   24-Sep-2014____0.298  kwh
 _1 PM   28-Dec-2014_0.779kwh
 __1PM  7th-Feb-2014___0.49  kwh  
 __4PM   31-Jan-2014_0.784kwh  
__11PM  5-Sep-2014__0.735kwh  
__7AM   23rd-Apr-2014_0.219kwh 
  _12AM  Tue 9th-Sep-2014__0.176  kwh 
  __4 PM  13-Sep-2014___0.718 kwh  
  __1AM   Tue 26-Aug-2014_0.254 kwh 
 2AM  Saturday 5th-Jul-2014__0.655kwh
 __1AM Wednesday 25th-Jun-2014___0.313 kwh  
 5PM  Saturday 10-May-2014_0.576 kwh 
  __11 PM  20-Dec-2014___1.111kwh  
  8 PM  12-Jan-2014___3.132  kwh
2AM  Fri 14-Feb-2014__0.288kwh 
 _10AM  Sun 30th-Mar-2014_0.528kwh
 __2PM   Wed 19-Mar-2014__0.307 kwh 
  _3PM   Tuesday 8th-Apr-2014____0.131  kwh
  __11AM   Sun 10-Aug-2014_0.583 kwh
  __11AM   Sun 13-Jul-2014___1.728kwh 
 __6 PM Sat 6-Dec-2014_1.861  kwh
  _6 AM   Mon 15th-Sep-2014_1.008kwh 
_10PM Sunday 20th-Jul-2014___1.356kwh  
__4AM Tue 15-Apr-2014_0.056kwh  
9 PM  Fri 24-Oct-2014__0.259kwh
 __9PM   Mon 07th-Jul-2014___1.426kwh 
 _2AM  Mon 1-Sep-2014___0.125kwh
 6AM   25-Feb-2014____1.469  kwh
  __2 PM Thu 6-Nov-2014_0.16  kwh  
_3 AM   26th-Aug-2014___0.216 kwh  
1 AM Wed 15th-Jan-2014_0.456  kwh  
  __6PM   14-Sep-2014__1.235 kwh 
 11 AM   11-Jun-2014____1.044 kwh  
  10AM  Sun 5th-Jan-2014___1.248kwh
__7PM   15-Sep-2014___1.109kwh 
_9PM  Sat 20th-Sep-2014____0.244  kwh
__9PM  Thu 25th-Sep-2014__0.504  kwh 
__10AM   27-Feb-2014_0.466 kwh
__9PM   28th-Aug-2014__0.655  kwh
 2PM   Sat 29-Nov-2014___0.414  kwh
 __3 PM   Monday 01-Dec-2014___0.374 kwh
 __6PM   3-Feb-2014____1.546kwh  
  __1PM  Sun 17-Aug-2014__0.77 kwh 
 5 PM 22nd-May-2014__1.206kwh
__9AM  Mon 18th-Aug-2014_0.40kwh
_2PM  18th-Dec-2014__0.431 kwh
  8 AM Thursday 13th-Nov-2014___0.205 kwh  
__2PM   04-Jul-2014___0.816  kwh
 7 AM   09-Oct-2014____0.637 kwh  
__7AM   29th-Nov-2014___0.459  kwh  
  9PM Tuesday 22-Jul-2014__1.67 kwh
  __10PM  6-Sep-2014__0.297  kwh 
 _8 PM   15th-Nov-2014__0.875  kwh  
  2 AM Wednesday 3rd-Dec-2014_0.211kwh  
 _4PM  9th-Nov-2014_0.393kwh 
 _9PM   Thursday 9-Jan-2014___1.176kwh  
11 AM   Sat 1st-Mar-2014____0.485 kwh
_7AM  Tue 28th-Jan-2014___2.07 kwh 
 __3PM   Sun 30th-Nov-2014____0.47 kwh
  _3AM   Thu 2-Oct-2014__0.097kwh  
  __5 AM   21st-May-2014__0.906  kwh  
 __3 PM  Sunday 11th-May-2014__0.742kwh 
 _2PM Mon 08th-Dec-2014___0.449 kwh
9PM   16-Dec-2014__0.719  kwh
__12PM Mon 8th-Sep-2014_0.354  kwh 
__12AM   26-Nov-2014___0.146  kwh
  _3AM Sat 28th-Jun-2014_0.508  kwh  
2 PM  Mon 12th-May-2014_0.275  kwh
__6 AM   Friday 30th-May-2014____1.114  kwh 
 __9PM Sunday 5-Oct-2014___0.31kwh  
  __2PM  18-May-2014____0.525  kwh 
1AM   Sat 3-May-2014_0.269  kwh 
9 AM  Tue 11th-Mar-2014_0.286 kwh 
 12AM  Saturday 2nd-Aug-2014__0.97kwh  
12AM  Mon 18-Aug-2014_0.338 kwh  
7PM  Fri 3rd-Jan-2014_3.42kwh 
9PM 16-Nov-2014____0.238 kwh 
  12 AM  Thu 18th-Sep-2014__0.174kwh 
 12PM Sat 26-Apr-2014__0.20  kwh  
 11 AM   Sunday 01st-Jun-2014___0.918  kwh 
__10PM Thu 30th-Oct-2014_0.282  kwh
_3PM  7-Jun-2014_1.798kwh  
  _6PM   Thursday 27-Nov-2014___0.63 kwh
 __9 PM   11-Oct-2014____0.264  kwh
 __7PM Friday 28-Nov-2014_0.689  kwh
 __8 PM 19th-Sep-2014_1.075kwh
 5AM  Thu 23-Jan-2014__2.178kwh
10 AM Sunday 26-Jan-2014__1.308kwh 
  12 PM 29th-Oct-2014_0.297 kwh 
  __9 AM  Tue 7-Oct-2014____0.173  kwh
  6AM   Monday 21-Jul-2014____2.621  kwh
9PM   Monday 19-May-2014___0.518 kwh  
5 AM   Sunday 06th-Jul-2014_0.763kwh 
 __4PM   11th-Mar-2014___0.336  kwh 
__3PM Sat 20th-Sep-2014____0.693  kwh
  _9PM Wed 05th-Mar-2014____0.552kwh  
  __12AM   Sunday 13-Jul-2014____2.227kwh  
_8AM   Sat 12-Jul-2014_3.494kwh  
  5AM 10th-Oct-2014_0.535 kwh 
 8AM  Sat 8th-Mar-2014____0.926kwh 
  8AM  Tue 18-Nov-2014_0.212 kwh  
_6 AM  24-Apr-2014__0.356kwh  
 3 AM   16-Apr-2014_0.061  kwh  
 __2 PM  03rd-Jul-2014___1.085kwh
__4PM   24-Sep-2014____0.235kwh  
 12PM Tuesday 6-May-2014___0.444kwh  
  __2 AM  Thu 19-Jun-2014____0.295kwh 
 8 PM   5th-Jul-2014_4.32kwh
 __10PM   Tue 29-Jul-2014__1.152 kwh
__1PM 4th-Jan-2014__1.14  kwh
  _5 PM  13-Jan-2014____2.704 kwh
  8AM  Fri 21st-Feb-2014____0.509kwh 
12 PM 04-Feb-2014____0.60 kwh
__1AM  6th-Oct-2014___0.102 kwh
  _3 PM   12th-Aug-2014___0.494 kwh  
7 PM  21st-Nov-2014__0.948kwh  
 2PM Saturday 8th-Mar-2014____0.672  kwh
  __9AM   Sun 15th-Jun-2014____1.588 kwh 
__12AM  23-Jun-2014___0.54 kwh 
7PM   Friday 25th-Apr-2014__0.589  kwh
 __8AM 06th-Aug-2014____0.418  kwh
  2AM  Sat 16-Aug-2014_0.356  kwh 
 _4AM Fri 14-Nov-2014__0.079kwh  
  10AM   Tue 3-Jun-2014____0.785kwh 
  __7 AM   20-Feb-2014_0.896  kwh 
_8PM  24th-Jul-2014___4.493kwh  
 7PM   08th-Sep-2014____1.046 kwh  
_10PM Wednesday 30-Jul-2014__1.224kwh 
  _9PM 17th-Nov-2014____0.23 kwh
 _11 PM   13-Oct-2014_0.309kwh 
__6AM   16th-Jan-2014__2.808  kwh 
_11PM 10-Nov-2014_0.18 kwh 
5AM 16th-Mar-2014_0.228kwh  
 __10PM  Wed 15-Jan-2014___0.90kwh  
  _4 AM  5-Feb-2014___0.204kwh  
__6PM   Thu 13-Mar-2014____0.941 kwh  
 __12 AM   16th-Apr-2014___0.098  kwh
 _7PM   29th-Dec-2014___2.178 kwh  
4AM 19th-Jun-2014___0.32  kwh
  __11AM Monday 18th-Aug-2014____0.522  kwh 
__7 AM Wednesday 12th-Nov-2014___0.474  kwh
  __4PM  27th-Apr-2014____0.294kwh 
  3PM   Wed 14-May-2014___0.262 kwh 
_11AM  Sun 13th-Apr-2014_0.189kwh 
_6PM  30th-May-2014____1.053 kwh 
 __1 AM   Tuesday 28-Jan-2014____0.468kwh
  12 AM Thursday 4-Dec-2014___0.30  kwh  
__1PM  2nd-Aug-2014____0.648kwh 
_3PM   Friday 03rd-Jan-2014____0.672 kwh  
 _6AM  Saturday 13th-Dec-2014____0.959 kwh
 __8PM   2-Feb-2014____1.987 kwh
  __9PM   Sun 18-May-2014___0.461kwh
_11 AM Sun 24-Aug-2014____0.763kwh
  11PM   Monday 17th-Feb-2014_0.594kwh  
 __8AM  18th-Feb-2014___0.514 kwh 
  _1PM Sun 4th-May-2014____0.542kwh
 _10 PM  Thu 01-May-2014_0.416kwh
 __2AM  3-Oct-2014__0.144kwh 
  __2AM   Fri 9-May-2014___0.141 kwh
  __6PM 27th-Aug-2014__1.344kwh  
  __11 PM  Mon 13-Jan-2014____1.19  kwh 
 10 PM 28th-Dec-2014_0.594  kwh 
 _11AM  2nd-Apr-2014___0.165kwh
 _1PM Friday 15-Aug-2014__0.413  kwh  
  1 PM   Wed 23rd-Jul-2014___0.941 kwh  
 6AM   17-Feb-2014_1.584  kwh 
_2AM  Sun 31st-Aug-2014__0.367 kwh 
  11 AM  Saturday 20-Sep-2014____0.441 kwh
  __7PM 26-Oct-2014___1.166kwh
4AM  Tue 2nd-Dec-2014_0.231 kwh  
 1AM Tue 08-Jul-2014__0.538kwh 
_11PM  Mon 14-Apr-2014__0.176 kwh 
2PM 20th-Nov-2014__0.151kwh  
12PM   4-Jan-2014___1.14 kwh  
  12PM 21st-May-2014___0.468 kwh
__7PM Thursday 31st-Jul-2014_3.974 kwh
  __4PM   20-Jul-2014_2.29  kwh
  1 PM Tue 18th-Mar-2014____0.288kwh 
 _12PM  Monday 05-May-2014___0.464 kwh 
 10AM  03rd-Feb-2014___0.475  kwh
 _4 PM   Sunday 16th-Feb-2014__1.145  kwh 
 11AM  31st-Mar-2014____0.404kwh  
  __9PM  Tuesday 25-Nov-2014__0.294 kwh  
  _8PM 06th-Sep-2014___1.386  kwh  
  __8AM  Wednesday 24-Sep-2014___0.274 kwh  
  7 PM  Thu 20th-Nov-2014___0.794  kwh 
__6 PM Tue 9th-Sep-2014__0.813  kwh
_10 PM 21st-Feb-2014___0.756kwh 
 7PM   Thu 03rd-Jul-2014___4.061kwh  
 12 PM   Sun 17th-Aug-2014__0.799 kwh 
 2PM 13-Jun-2014_0.706  kwh 
__9PM 22-May-2014__0.456kwh 
_6AM   Sat 31-May-2014____0.768 kwh
__12PM  Monday 21-Apr-2014___0.18kwh
  9PM Thu 4-Dec-2014_0.607  kwh
11 AM   Tue 5-Aug-2014_0.576 kwh 
 __6 AM   23-Jun-2014____2.009  kwh 
 _7AM Sun 5-Oct-2014____0.67 kwh
  5PM Mon 12th-May-2014____1.123 kwh
_10AM Sun 13-Jul-2014_1.31 kwh  
__8AM   Wednesday 30th-Apr-2014_0.121kwh
_2PM  Friday 29th-Aug-2014___0.418 kwh 
  __12AM   29th-Apr-2014___0.10kwh  
 9PM   9th-Sep-2014___0.449kwh
 _4PM  Fri 14-Nov-2014__0.157  kwh  
 11AM  26-Nov-2014_0.18kwh  
__3 PM   21st-May-2014__0.32kwh  
__7AM 20-Nov-2014__0.478 kwh
  8PM Saturday 18-Oct-2014____0.929kwh  
 9PM  29th-Jul-2014___1.397  kwh 
__6PM   Tuesday 04-Mar-2014_1.154kwh  
_10PM Fri 26-Dec-2014__0.701kwh  
 11PM 28th-Apr-2014_0.168kwh
 _12 PM   Wed 19-Feb-2014____0.672kwh 
  __11PM 17-May-2014__0.784kwh 
5 AM  Mon 11-Aug-2014____1.373kwh  
  _5 PM  Sunday 19th-Oct-2014___0.518kwh 
_11AM   Sat 27-Dec-2014___0.607  kwh
  _12PM   6th-Jul-2014____1.699  kwh  
  11 AM 13th-Jun-2014___0.891 kwh
  _6 AM Tue 7th-Jan-2014_2.40 kwh
 _11PM   14th-Sep-2014__0.354kwh 
_8AM   07-Nov-2014___0.169kwh  
 __7AM 23-May-2014__0.85  kwh
__6AM   Monday 10-Feb-2014___1.267 kwh 
8PM 14th-Dec-2014___1.683kwh
 _6 AM 9th-Jan-2014_2.664  kwh  
  _7 AM   Sunday 9th-Feb-2014_1.541kwh  
__5 AM   Thursday 18-Sep-2014___0.739kwh
  9AM   09-Dec-2014___0.353  kwh
  3PM Sat 5th-Apr-2014____0.313 kwh  
 10AM   Sun 19-Oct-2014___0.331 kwh
4AM   Mon 08-Dec-2014____0.213kwh
  9PM   28-Mar-2014__0.294 kwh 
 _4AM   06-Dec-2014____0.274kwh 
  _12PM 5th-Nov-2014___0.218 kwh
 5AM   14-Sep-2014___0.239kwh  
 _11 AM 15th-Dec-2014__0.462kwh 
__3PM  12th-Sep-2014___0.328 kwh 
 1PM Thu 13-Mar-2014_0.371  kwh 
 __2AM  Wednesday 22-Oct-2014__0.116 kwh  
 8PM  Tuesday 14th-Oct-2014__0.768kwh 
_1AM   10-Jun-2014____0.338  kwh  
 _3 PM 1st-Aug-2014_0.384  kwh
 _1PM  31-Dec-2014___0.524kwh  
  _5 AM Fri 5th-Sep-2014__0.732 kwh
_1AM 11th-Jan-2014__0.624  kwh 
__2PM  Tuesday 25th-Mar-2014___0.339kwh
 9AM   9th-Jun-2014____0.643kwh 
  _12PM  25-Dec-2014__0.589  kwh 
__8AM   Fri 20th-Jun-2014____0.605kwh  
__3 PM Wednesday 8th-Jan-2014_0.816  kwh 
  _6PM   24-Apr-2014__0.374 kwh 
 _2AM   25th-Jul-2014____0.394  kwh
 7PM   14th-Apr-2014__0.529kwh 
  1 AM Sunday 20-Jul-2014_0.698  kwh 
_8 AM   Wed 17-Dec-2014__0.431  kwh
  _2 AM Thu 21-Aug-2014____0.235 kwh
  __9 AM Mon 2-Jun-2014_0.454  kwh  
  1PM   1st-Sep-2014____0.314  kwh
  _10 PM  Tue 14-Jan-2014___0.95 kwh
_11AM Sun 7-Sep-2014____0.50 kwh
 _5 PM   05-Nov-2014_0.69 kwh 
6 PM   Fri 3rd-Jan-2014_2.352kwh 
__1PM  Thursday 17th-Jul-2014___0.998 kwh  
  __1AM   20-Aug-2014_0.278kwh
  _2 AM   Thu 31-Jul-2014__0.389 kwh
  __5AM 15-Sep-2014__0.724kwh  
__3PM   17-Sep-2014____0.232kwh 
  6AM 5-Feb-2014____1.296 kwh
  __7PM   Thu 21-Aug-2014____1.728kwh 
  _7PM   30-Jan-2014____3.276  kwh 
 _12 AM   26-Aug-2014_0.418 kwh 
 __12AM  22nd-Aug-2014____0.335 kwh
  _9AM Sat 3-May-2014____0.857kwh 
_2PM  Saturday 16-Aug-2014___0.893 kwh
 __10PM  Wed 24th-Sep-2014____0.319  kwh
 _4 AM  Thu 21-Aug-2014_0.252  kwh  
  __9 AM  27-Oct-2014____0.157 kwh
 _1AM  07-Jan-2014____0.368  kwh 
 __8AM   12-Jan-2014_2.73 kwh  
 _6 PM  18-Jan-2014__3.816kwh
 _2 AM  Sun 14-Dec-2014____0.327 kwh 
 __8PM  21st-Dec-2014___1.94kwh  
 1PM  16-Jul-2014_0.826kwh  
5PM  01-Jul-2014__3.557 kwh  
9PM  4th-Oct-2014_0.226  kwh 
__2 PM  Mon 30-Jun-2014___0.734 kwh 
  __5AM   21-Jun-2014____0.491  kwh
__6 PM   01-May-2014_1.086kwh
 9AM 06-Jul-2014_2.052  kwh 
 __11 PM Fri 7-Feb-2014____1.176  kwh
  _11AM  19-May-2014___0.34 kwh
_11AM  Mon 12th-May-2014___0.34 kwh  
 _12PM   18th-Feb-2014_0.576kwh 
10 AM  9th-Feb-2014__0.677  kwh  
_4AM   12-Oct-2014_0.216  kwh 
 5PM   Sat 6-Sep-2014___0.611  kwh 
 __2AM   Thu 17-Jul-2014__0.437  kwh 
 6AM Fri 21-Feb-2014_1.31 kwh
1 AM 23rd-Mar-2014__0.286kwh 
__5 PM   24-Dec-2014__1.516kwh  
_11AM   29-Apr-2014_0.174 kwh
8AM  09th-Nov-2014____0.62  kwh  
  9PM 6th-Jan-2014___1.008kwh
__4 PM  29th-Aug-2014____0.552kwh 
 2AM   26th-May-2014___0.134 kwh
  _8PM   Fri 11-Jul-2014_4.301kwh  
  1PM   1-Aug-2014__0.494 kwh  
 4PM   2-May-2014_0.368 kwh 
 6PM   Mon 26th-May-2014____1.344kwh  
4PM  31-Dec-2014___0.44kwh  
__2PM  Sat 02nd-Aug-2014___0.979kwh
_2PM  Wed 19-Feb-2014___0.394 kwh
__9PM   27th-Oct-2014____0.407 kwh 
 4PM  Wednesday 11th-Jun-2014____0.756  kwh 
2 AM   21-Apr-2014____0.061 kwh  
  _4 AM 24th-Dec-2014___0.209  kwh 
 1PM   Tue 18th-Feb-2014__0.451 kwh  
  _2AM   Mon 20-Jan-2014____0.376kwh  
  __8 AM   Saturday 20th-Sep-2014____0.874  kwh  
  6AM  Sat 6th-Dec-2014____0.713kwh  
 5 AM  22-Feb-2014___0.371  kwh  
 _12 AM   Wed 12-Mar-2014___0.218  kwh
__7PM Sunday 24-Aug-2014____2.052 kwh
1AM  14th-Jul-2014_0.576kwh 
__5 PM   Fri 21st-Mar-2014__0.832 kwh 
  _1PM  Mon 18th-Aug-2014_0.408kwh  
_7 PM   28-Sep-2014___1.474  kwh 
 __1PM  Sat 01st-Nov-2014__0.243  kwh 
  __5PM   6th-Dec-2014_0.96kwh
 7PM   Wed 18-Jun-2014__3.013kwh  
  __12AM  Thursday 14th-Aug-2014___0.392 kwh 
 4AM 22nd-Apr-2014___0.062 kwh 
 _12AM Sat 20th-Dec-2014___0.898kwh 
  8PM  Fri 14-Feb-2014____2.131  kwh
12 PM Thu 8th-May-2014__0.34  kwh
 __2 PM 10-Nov-2014__0.189  kwh  
11AM   4-Jul-2014____1.344  kwh 
 __9 PM   Mon 8th-Sep-2014_0.496 kwh  
  _3PM  Sunday 16th-Mar-2014__0.648kwh
 2AM   Sunday 13-Apr-2014____0.077  kwh  
__12AM Saturday 11-Oct-2014_0.422  kwh 
  _4 AM   Tue 18-Mar-2014__0.179  kwh 
 __1PM 25-Jan-2014__1.404 kwh  
  _7PM 09th-Nov-2014_0.956kwh
  __2 AM   01st-Apr-2014__0.052kwh  
  1 AM Tuesday 1-Apr-2014____0.064kwh  
  __3 AM Wednesday 19th-Nov-2014_0.09 kwh 
__3 PM  27th-Jul-2014__1.75 kwh  
 1PM  Thu 10-Jul-2014___0.922  kwh  
 _6 PM 19th-Oct-2014___0.983kwh 
__5AM   18-Dec-2014_1.21kwh  
 4AM   Thu 6-Nov-2014_0.102kwh 
  __11 PM   16-May-2014___0.872 kwh 
 2PM  Saturday 3-May-2014____0.723kwh  
_8PM Monday 7th-Apr-2014_0.422 kwh  
 _12 PM   Fri 31-Jan-2014____0.97  kwh 
_7AM   12-Oct-2014__0.706  kwh  
 _10AM   Wednesday 28th-May-2014___0.291  kwh  
8PM 6-Jan-2014___3.264  kwh 
  __7AM  Wed 26-Feb-2014____1.296  kwh
__3 AM Wed 25th-Jun-2014__0.392kwh 
 9PM   Sat 17th-May-2014____0.384  kwh
4PM 16-Jan-2014____0.832  kwh
 8PM   5-Dec-2014_2.042kwh
 _9PM  11-Feb-2014__0.727kwh  
  _12 AM Mon 15th-Sep-2014_0.248 kwh 
 __10AM   16th-Aug-2014__0.713 kwh  
  _1PM   Wed 25-Jun-2014__0.691 kwh  
 5PM   5-Aug-2014_1.326kwh  
__1 AM  27th-Mar-2014_0.141 kwh  
_4AM  27-Mar-2014_0.173  kwh  
__7 PM   31-Dec-2014__1.94  kwh 
  _10AM  Sun 30-Nov-2014____0.297 kwh  
 __1 PM  Thu 26-Jun-2014__0.634 kwh 
 _3AM   Wed 28th-May-2014_0.133kwh  
 _9PM Monday 22-Dec-2014_0.779 kwh 
  _7PM  Saturday 30-Aug-2014_1.922  kwh
 _10PM  4th-Aug-2014_0.582  kwh  
 _2PM   Mon 03-Mar-2014_0.339kwh
 _7 AM Thu 2-Oct-2014___0.643  kwh  
7 AM  28th-Sep-2014___0.731kwh 
 11PM Saturday 11-Oct-2014_0.684  kwh  
  _3AM Saturday 4-Jan-2014_0.558  kwh
__12PM Fri 01st-Aug-2014_0.528 kwh  
  __7 PM Fri 19th-Sep-2014_1.197kwh
 8PM Mon 7-Jul-2014___3.187 kwh  
  __8AM  17-Oct-2014__0.25  kwh  
5AM   22-Nov-2014_0.139 kwh 
 2PM   Wed 5-Mar-2014____0.362  kwh 
 9 AM  Fri 11-Apr-2014____0.086  kwh  
__8AM  19-Aug-2014_0.538 kwh  
7 PM  Sunday 18th-May-2014___1.354  kwh  
 __9AM  11th-Aug-2014_0.346  kwh 
  2AM   8th-Aug-2014_0.204  kwh  
  _3 AM   Thu 1-May-2014___0.165kwh
_5PM   11-Feb-2014__1.404  kwh 
  _7AM   07-Feb-2014___1.264  kwh 
  __3 PM   Mon 31-Mar-2014_0.378  kwh  
 _5AM   Tuesday 25th-Feb-2014___1.162 kwh 
 _2 AM   23-Feb-2014____0.335kwh 
7AM   08th-Dec-2014____1.069kwh  
  _2PM  30-Oct-2014__0.228kwh  
 _11 PM   Friday 1-Aug-2014____1.176 kwh
 _10 PM Sun 9-Mar-2014___0.412  kwh 
  _9 PM 28th-Jun-2014____0.605kwh 
 __3 AM  26th-Sep-2014___0.134kwh  
  __8AM Tuesday 14-Oct-2014____0.233 kwh  
  _11 AM  Sun 20-Jul-2014_1.339  kwh
9PM   Tuesday 11-Mar-2014____0.562kwh
  __8 AM 6-Feb-2014___0.552kwh
  __12AM  Monday 24th-Nov-2014_0.135kwh  
 __4PM   01-Dec-2014__0.361 kwh 
_8 AM  Sunday 16th-Nov-2014___0.48  kwh  
 8PM 22-Aug-2014__2.189  kwh  
 10AM  1-Feb-2014_0.626kwh 
 _7 PM Tuesday 20-May-2014____1.67 kwh 
2AM Wednesday 23rd-Jul-2014__0.547 kwh  
 __2AM Wed 30-Jul-2014_0.413  kwh  
 _7 PM Mon 31-Mar-2014_1.354 kwh 
  _5AM  29-Oct-2014___0.653kwh 
  4PM   01-Sep-2014_0.246kwh  
  _8 PM Sun 29-Jun-2014____3.434kwh 
 _4PM  02nd-Mar-2014____0.59 kwh 
  5AM 29-Jan-2014___2.024 kwh
 __8 PM 26th-Jan-2014__2.88kwh
 4PM   Mon 17-Mar-2014_0.355  kwh  
__11 PM   04-Jun-2014___0.882kwh  
  _12PM 22nd-Jul-2014_1.044kwh  
  _1PM   11th-Jul-2014___0.96  kwh  
__6PM   Wed 16-Apr-2014_0.336  kwh
  7AM  Sat 21-Jun-2014____1.966kwh
  _7PM Monday 10-Nov-2014__0.826 kwh  
  _7PM Monday 30-Jun-2014____3.272 kwh  
_7 PM  Monday 13th-Jan-2014___3.744  kwh
__11 AM 8-Feb-2014___0.612kwh 
 9PM   Sat 22-Nov-2014__0.157  kwh  
  _8 PM 8-Feb-2014_1.836kwh 
  __1 PM Tuesday 2-Sep-2014_0.238kwh
 __8PM  5th-Jan-2014_4.068  kwh  
  5AM 20th-Oct-2014____0.561kwh
  _1 AM  26th-Jan-2014_0.69  kwh 
_11PM Wed 09th-Apr-2014___0.171 kwh 
_7AM  Sat 09th-Aug-2014_1.613kwh  
  __2AM 16-Apr-2014____0.065  kwh 
  _4PM  Sat 20-Dec-2014__1.139 kwh
 _12AM   14th-Mar-2014_0.223 kwh  
  __4AM Wed 16th-Jul-2014_0.514  kwh 
1PM  Sun 23-Mar-2014__0.514kwh  
  2 AM  Wed 26th-Feb-2014_0.206kwh  
  __10AM Fri 4th-Jul-2014__1.027 kwh 
  4AM Wed 10th-Dec-2014____0.229  kwh
 __12PM  01st-Nov-2014___0.297kwh 
  _3 PM  08-Jul-2014__0.97kwh
 _5AM 14-Nov-2014___0.49 kwh 
 __5 PM   Thu 20-Nov-2014___0.509  kwh  
 8 AM 21-May-2014___0.317  kwh  
  1PM Monday 14th-Jul-2014_0.998kwh  
 __6AM   23rd-Nov-2014____0.414  kwh  
__9AM  18-Mar-2014__0.247  kwh 
_3AM   Fri 28-Mar-2014__0.163  kwh  
 __1 PM Tue 8-Jul-2014__0.96 kwh 
  8 AM  18-Sep-2014_0.283kwh 
_3AM  Mon 25th-Aug-2014___0.199kwh
 7PM Sun 21-Dec-2014____2.178  kwh
__7 PM   Fri 8-Aug-2014___1.814  kwh  
_1PM 9-Aug-2014____0.662  kwh 
_12AM   22-Jun-2014____1.685 kwh 
 _4PM  Fri 27th-Jun-2014_0.634 kwh  
 _9AM   13-Aug-2014___0.418 kwh 
_9AM 20-Oct-2014____0.196kwh 
 _3PM   7th-Jul-2014__0.768kwh 
  10AM 21st-Apr-2014_0.112  kwh
  _7PM   Sat 11-Oct-2014__1.285  kwh  
 5PM   23-Mar-2014____0.605kwh 
  __4PM  4-Dec-2014_0.374 kwh  
3PM 10-Jan-2014____0.784  kwh  
 6 AM 19th-Oct-2014_0.446 kwh 
_7 AM   26-May-2014___0.727kwh  
 10PM   29th-Mar-2014____0.384 kwh  
_1AM  13th-Jul-2014_0.806 kwh  
_11 AM 13th-May-2014___0.468 kwh
 1AM   Wed 21st-May-2014____0.134  kwh  
 3PM 19th-Feb-2014___0.542 kwh  
  _7AM 13-May-2014__0.634  kwh  
  __8 PM   25-Jul-2014____4.608  kwh
_9AM   Thu 29-May-2014_0.194  kwh 
_8AM Monday 13-Jan-2014_0.832kwh
_7 PM Thursday 20th-Feb-2014___1.901  kwh 
_5AM   Wednesday 10th-Sep-2014_0.662  kwh
  __10PM   26th-Sep-2014__0.47kwh  
_3 AM  21-Jun-2014__0.47  kwh
_8AM   27th-Oct-2014___0.245 kwh 
 _10AM Sat 28-Jun-2014____0.972  kwh 
  7PM   23-Jan-2014___2.916  kwh
_7PM 2-Apr-2014__0.502  kwh 
  _7 PM 29-Oct-2014__1.253 kwh  
  11 AM 15th-May-2014__0.42  kwh  
  4 PM  Wednesday 2-Jul-2014_1.104 kwh
 9AM  Wednesday 18-Jun-2014_0.567 kwh  
_1PM  2-Mar-2014__0.542kwh 
3PM Thursday 19th-Jun-2014__0.598kwh
_5PM Mon 24th-Mar-2014___0.926  kwh  
 _11PM 12th-Nov-2014___0.216  kwh
 __7PM 14-Jan-2014____3.276kwh 
2AM 31st-Dec-2014_0.187kwh 
 2PM   Fri 10th-Jan-2014__0.848  kwh
  __11 AM 06-Oct-2014___0.351  kwh 
 _4PM 8-Jul-2014____0.902  kwh
  3PM Tue 19-Aug-2014_0.576  kwh 
  _9AM  Saturday 22-Mar-2014__0.72kwh  
  __11 AM 22nd-Jan-2014_1.07kwh  
  _10PM 1-Nov-2014____0.193 kwh
_11AM Tue 21st-Oct-2014___0.318 kwh  
_10 AM  Mon 28th-Apr-2014___0.12  kwh 
11AM 7th-May-2014____0.36 kwh
  3PM Wednesday 31-Dec-2014_0.356kwh 
 8AM   04-Mar-2014___0.31kwh  
  _6 PM  27th-Dec-2014__2.059  kwh 
_4PM   Fri 19th-Sep-2014___0.272 kwh 
 3AM   Saturday 24th-May-2014__0.288 kwh 
  _2 AM  Fri 28-Nov-2014___0.092  kwh  
 3 AM  Wed 31-Dec-2014__0.202  kwh 
  3AM  13-Sep-2014____0.195  kwh
__2 AM Thu 18-Sep-2014_0.154kwh
 5PM 19th-Jan-2014____1.926kwh 
11PM   Sat 22-Nov-2014____0.509 kwh 
5PM   18-Sep-2014_0.774 kwh 
 __8 PM  07-Aug-2014____2.17 kwh 
 _1 AM Sat 13-Sep-2014_0.206kwh  
  4AM   24th-Sep-2014_0.151kwh  
  __3AM  Sun 19th-Oct-2014_0.178 kwh  
__6AM  15th-Jul-2014__3.283 kwh  
 _1 PM 25th-Apr-2014___0.11kwh
  6AM   21-Jan-2014___2.712 kwh
  __11 AM Saturday 22nd-Feb-2014____0.698  kwh  
_9 PM   Tue 1-Apr-2014__0.198kwh  
_8AM Tue 11th-Mar-2014__0.378kwh
  2AM 10th-Sep-2014_0.139kwh  
  _7AM   Fri 8th-Aug-2014__1.253kwh 
__4PM   24th-Aug-2014____1.004kwh  
  __7AM Thu 07th-Aug-2014____1.015 kwh  
 _12AM   Thursday 16th-Oct-2014_0.196  kwh
3 PM Sat 12-Apr-2014__0.273 kwh
  _7AM  Saturday 12th-Jul-2014__3.168 kwh
4AM Sun 21st-Sep-2014___0.187  kwh  
 5AM  30-Nov-2014____0.111 kwh
_12 AM  Wednesday 23rd-Jul-2014____0.691  kwh 
11PM Tue 29-Jul-2014__1.176kwh
  4AM 9-Apr-2014__0.055kwh 
 _8PM 7-Dec-2014__1.604  kwh  
  __8 PM Thu 6th-Mar-2014__1.408kwh 
  __8 PM  Saturday 18th-Jan-2014_3.024kwh  
  _8PM Wed 15th-Oct-2014_0.893 kwh  
 __7AM   6-Jan-2014____2.16  kwh 
__1PM Tue 16-Sep-2014_0.286 kwh 
9AM   Fri 03-Oct-2014__0.151kwh 
_3 AM  27-Feb-2014___0.252  kwh
 7PM 23-Nov-2014__0.899kwh
6 PM   30th-Oct-2014__0.916kwh 
  __8 AM   08th-Oct-2014__0.288 kwh
  _3PM  22nd-May-2014_0.314kwh
_3AM   26-Mar-2014____0.184 kwh
 __10AM Mon 17-Mar-2014_0.358kwh 
 __10PM 16th-Jul-2014_1.14  kwh 
  __1PM   Tuesday 09th-Dec-2014___0.365 kwh
1PM Wed 19-Feb-2014__0.456 kwh 
  9AM  26th-Apr-2014___0.216  kwh
__9PM 06-Sep-2014___0.305  kwh
 _3AM 18th-Mar-2014_0.154 kwh 
8AM  Fri 21st-Nov-2014____0.189  kwh
  _1AM  17-Dec-2014__0.198kwh  
 5AM   03-Mar-2014____0.959 kwh
  __8AM 26-Apr-2014_0.394  kwh  
 __11AM   Mon 20th-Oct-2014____0.324kwh
 2PM  13th-Jan-2014__0.696kwh  
 11AM  Fri 31-Jan-2014____1.01kwh 
__8AM  14-Dec-2014____1.316kwh
  _12AM  14th-Sep-2014__0.521kwh 
8PM   Wed 22-Jan-2014___2.944kwh  
 __1AM   Fri 21st-Mar-2014_0.165kwh  
 __5AM   11th-Apr-2014___0.274kwh  
  4PM  21st-Aug-2014_0.461kwh
  12AM Saturday 29-Nov-2014____0.313  kwh  
 7PM Wednesday 17th-Dec-2014___2.277  kwh 
 _12PM Friday 5-Dec-2014___0.589 kwh 
_12PM   27th-Jun-2014__0.981  kwh
 1PM 20-Aug-2014____0.523kwh
 __2 PM  Wed 01st-Oct-2014_0.233kwh 
 1AM Fri 21st-Feb-2014____0.235kwh 
 10 PM   Monday 2-Jun-2014__0.837kwh 
 __4AM  Tue 7-Jan-2014__0.404 kwh  
  6PM   07th-Jul-2014_3.461  kwh
__9AM   2-May-2014_0.23 kwh 
 _9AM 22-Aug-2014_0.41 kwh  
  _12PM   Monday 13-Jan-2014____1.11kwh  
__4AM   26-Aug-2014__0.214kwh
 __7 PM  26-Sep-2014_1.273  kwh  
5PM   4-Apr-2014____0.351  kwh
  _1PM Mon 29-Sep-2014____0.277kwh
10 AM   26th-May-2014___0.262kwh
 _10 AM Sat 26-Jul-2014____1.584kwh
  6AM Mon 14-Apr-2014__0.299  kwh
 9PM  05th-Jun-2014__1.188  kwh 
__10AM Tue 04-Mar-2014___0.275 kwh  
 5 AM   27-Jun-2014___1.822  kwh  
  _11PM  31-Mar-2014__0.352kwh
12PM   4-Jul-2014____1.14kwh  
 _6AM   Monday 31st-Mar-2014_0.787 kwh 
  __5AM  17-Nov-2014____0.446 kwh
  1PM   26th-Feb-2014__0.466  kwh
__3 AM   Mon 04th-Aug-2014____0.226kwh 
5 PM Fri 05th-Sep-2014___0.946kwh
 __6AM  11th-Jan-2014___1.392  kwh 
  11AM   03-Nov-2014_0.248 kwh
2AM   19th-Apr-2014__0.077 kwh 
_1 PM  Wed 09-Apr-2014__0.103 kwh
 _11AM 25th-Jun-2014_0.819 kwh  
 __6PM 20th-Dec-2014____1.624kwh
  __11PM Thu 17-Apr-2014_0.132kwh 
 __3PM   15-Nov-2014__0.421kwh
_7 AM   Sun 9th-Mar-2014_0.989 kwh
_9AM  Fri 11-Jul-2014____0.742 kwh
  __2AM Sat 23rd-Aug-2014__0.299  kwh  
__2PM 29th-Jan-2014___0.816kwh  
  __8PM  26-Jun-2014____2.419kwh 
  _3AM   Thu 27-Mar-2014___0.147 kwh
 __2AM   22-Mar-2014_0.192 kwh  
  __8AM  Fri 5th-Sep-2014__0.244kwh  
  __9PM 20-Nov-2014____0.302  kwh
__4AM  20th-Apr-2014_0.088 kwh
__2 AM  Thursday 29-May-2014___0.146kwh
 _2AM Monday 16-Jun-2014____0.328 kwh
 __4PM 25-Feb-2014____0.566 kwh  
  __11PM  Sat 24-May-2014____0.76  kwh
 2AM  Tue 21-Jan-2014__0.46 kwh 
_6 PM 1-Apr-2014____0.365 kwh  
 _10PM Wed 16th-Apr-2014___0.141 kwh  
_9AM   Sat 15-Feb-2014_1.037kwh 
__8 AM   Wednesday 13-Aug-2014__0.494kwh
  __4 PM  24-Mar-2014_0.365  kwh
_11PM Thu 17-Jul-2014_1.404kwh 
  _2PM 21-Oct-2014___0.269kwh  
 __10 PM  Sun 26th-Jan-2014_0.90  kwh 
5 PM   Wed 16-Jul-2014___3.682 kwh  
_12PM Tue 11-Mar-2014___0.428  kwh 
10AM 04th-Feb-2014____0.528kwh  
7PM   23-May-2014_1.57 kwh 
_6AM 13-Sep-2014___0.487 kwh
  5PM   Thursday 13-Feb-2014___1.248kwh
4 PM Sun 30th-Nov-2014___0.393kwh
 5PM 4th-Sep-2014_0.91  kwh  
__8AM   Thu 11-Dec-2014____0.361 kwh  
  _5PM  Mon 8-Sep-2014___0.737  kwh
 __3AM  Wed 16-Jul-2014____0.47 kwh
 1AM  4-May-2014__0.262 kwh 
  __10AM Fri 12th-Sep-2014__0.283  kwh  
 12AM Mon 22nd-Dec-2014___0.37kwh  
__4AM   23-Mar-2014__0.281 kwh 
 __11AM Fri 29th-Aug-2014_0.528kwh 
 12 AM Mon 8-Sep-2014___0.181 kwh
1AM Sun 15th-Jun-2014_0.535  kwh
__2AM  Sun 25th-May-2014__0.281kwh
__3AM Thu 13-Mar-2014___0.155 kwh
 11 PM Thu 07-Aug-2014__0.69 kwh 
  _11AM   23-Nov-2014___0.305  kwh  
 _3 AM   30th-Mar-2014_0.242 kwh 
  9PM   Wed 31-Dec-2014___0.766kwh 
 __5AM  Sat 7th-Jun-2014____0.578kwh 
_4PM  Friday 18-Apr-2014___0.102  kwh  
 __11 AM Friday 3rd-Oct-2014_0.273 kwh 
  __3AM 28-Feb-2014___0.23kwh 
 __10AM  Fri 31-Oct-2014__0.202  kwh
 5AM Sat 8th-Mar-2014_0.235  kwh  
 _12 AM   23rd-Nov-2014__0.324 kwh 
10 AM  Wed 22nd-Oct-2014____0.209kwh 
  __12AM  6-May-2014___0.233  kwh 
 __2 PM  6-Feb-2014__0.475  kwh 
__6 PM  19th-Aug-2014____1.966 kwh
 __10 PM  Fri 3rd-Oct-2014__0.496kwh
_8 AM   Fri 19-Dec-2014____0.444  kwh 
  __8PM   Thursday 25-Sep-2014__0.907kwh
 _8PM  Monday 3rd-Mar-2014___1.037 kwh  
_5AM   22-Mar-2014____0.192 kwh 
__10AM   Fri 13th-Jun-2014___0.619 kwh 
 _2AM   Wed 6th-Aug-2014___0.211  kwh 
  7 AM  14-Apr-2014____0.257 kwh 
10AM   15-Sep-2014_0.33  kwh
10PM  Thu 13th-Feb-2014___0.51  kwh  
11AM Thu 31-Jul-2014__0.972  kwh
 _2 PM Monday 20th-Jan-2014____0.808  kwh
_11PM   Sunday 12-Jan-2014_0.91 kwh 
__7 AM  Thursday 18-Sep-2014_0.561  kwh
 8AM Thu 20th-Mar-2014__0.291 kwh
  __10 PM  Wed 09th-Jul-2014___0.984  kwh
 __7AM Saturday 1st-Feb-2014_1.368kwh 
  _6PM  31-May-2014___1.152 kwh  
 _6 AM 22nd-Feb-2014_1.085 kwh
  __11 PM   Tue 3rd-Jun-2014____0.738 kwh
 __9 PM   Friday 10-Oct-2014__0.211kwh 
6 AM  Fri 19-Dec-2014_1.056 kwh  
6AM  3rd-Jul-2014_3.283kwh  
 __11PM   10-Apr-2014_0.128  kwh
  3 AM Wed 12-Feb-2014___0.276kwh 
 __11 PM   11-Feb-2014_0.516kwh
__6 PM  29th-Sep-2014___0.99kwh
  7AM   Fri 28-Mar-2014__0.619  kwh
__9AM  Fri 24-Jan-2014____0.606kwh
  __9PM 27-Aug-2014___0.864  kwh  
__6PM 28-Feb-2014_1.882kwh 
  __11AM 28th-Nov-2014__0.257 kwh  
 7AM  12-Dec-2014__1.099  kwh
11 PM   Friday 11th-Jul-2014_2.472kwh 
 __8PM Thu 09th-Jan-2014_3.36 kwh
4 AM   Thursday 13-Nov-2014____0.086  kwh  
_8AM   Sunday 2nd-Mar-2014____1.165 kwh 
  10 AM  20-Mar-2014__0.371kwh 
_1AM  Tue 07-Oct-2014__0.122 kwh
 __5 PM Thu 16th-Oct-2014__0.725  kwh 
 __4 AM   Wednesday 14th-May-2014___0.149 kwh
 _10AM  Wed 30-Jul-2014____0.902  kwh  
 __6 AM  Sunday 27th-Jul-2014_2.131kwh  
__5PM  25-Jun-2014__2.644  kwh  
  __12AM   13-Apr-2014___0.238 kwh  
  1AM  Saturday 4th-Oct-2014___0.189kwh 
9 PM   Tuesday 16-Sep-2014_0.37  kwh  
 _3 PM   15-May-2014____0.355kwh  
__11 PM Thursday 26th-Jun-2014___0.891kwh
  5AM  Fri 7-Mar-2014__1.003 kwh  
 6PM 08th-Mar-2014__1.67  kwh 
 __11AM  Sat 20-Dec-2014_0.561kwh
__11PM  Friday 14th-Feb-2014____1.32 kwh 
 6AM 13th-Jul-2014_1.747 kwh
_1 PM 26-Mar-2014__0.288kwh  
__11AM 03rd-Mar-2014__0.356  kwh
  _6AM  12-Jan-2014___1.904 kwh
 _6PM   Thu 28th-Aug-2014__1.915 kwh  
 1 PM   Thursday 2-Jan-2014____0.664  kwh
 _1 AM   29-Oct-2014__0.143 kwh  
  _11PM   24th-Jun-2014___1.017  kwh  
  9PM  Wed 19th-Nov-2014_0.316kwh
_11 PM 3rd-Oct-2014__0.714  kwh 
_10 PM  Fri 2nd-May-2014___0.672kwh  
  _8PM 23rd-Jul-2014__3.917kwh  
__11 AM  Thursday 27th-Nov-2014____0.221kwh
  _12 PM   Fri 4-Apr-2014_0.141  kwh  
  8PM Wed 28-May-2014____1.203 kwh 
 3AM   Sunday 21-Dec-2014____0.307  kwh  
__6AM   22-Oct-2014__0.67  kwh  
_1 PM   Fri 08-Aug-2014___0.547  kwh
  _3AM 16th-Feb-2014____0.356kwh  
 _1 AM 22nd-Feb-2014___0.385 kwh  
 6AM 19th-Feb-2014____1.397 kwh 
  _3AM 30th-May-2014__0.149kwh  
 _12AM 22-Jan-2014_0.708  kwh  
 __6PM  Fri 26th-Sep-2014_0.794kwh  
_5 PM Thu 2-Jan-2014____2.756kwh  
  __12PM Saturday 11th-Oct-2014___0.40  kwh
  9PM 16th-Jun-2014_0.983kwh
  11PM Wed 19-Mar-2014___0.40 kwh 
  __12 PM 13th-Nov-2014____0.243 kwh  
 3 PM  17th-Aug-2014_1.21kwh 
  __8PM Thursday 30th-Jan-2014_2.784  kwh  
 _5PM  01st-Sep-2014_0.946  kwh  
 __9PM 19th-Jan-2014__1.356kwh  
  _10 AM Sun 08th-Jun-2014_0.95 kwh
  _3AM  11-Apr-2014_0.061  kwh  
__1PM 28-Oct-2014____0.197  kwh
 __10AM Thursday 8-May-2014____0.314  kwh
__11PM Fri 31st-Jan-2014___1.82kwh 
 _4 AM   Monday 11th-Aug-2014__0.25 kwh  
  __11AM  1-Nov-2014_0.289 kwh
 __9PM  21-Mar-2014__0.262  kwh 
  __10AM   16th-Apr-2014___0.131kwh  
 9 AM 25-Jan-2014____1.602kwh 
 __12AM   Friday 07-Feb-2014_0.425  kwh  
  __6PM   03rd-Dec-2014_1.355kwh
 __11 PM   Mon 19-May-2014_0.328 kwh  
9PM  Fri 07th-Feb-2014____0.451 kwh
 4PM Tue 15-Jul-2014__0.912 kwh 
  6 AM  27-Dec-2014__0.766 kwh
 9PM   Thursday 16th-Oct-2014__0.407  kwh
 9PM Mon 03-Nov-2014__0.302kwh
  5PM   Tue 23rd-Dec-2014___1.559  kwh  
 _9PM   Wed 19th-Feb-2014__0.842  kwh
 _1PM  Thursday 12th-Jun-2014____0.77 kwh
  __9PM  04th-Aug-2014____0.662kwh 
  __11 AM  3-Apr-2014__0.171 kwh
_6PM   Mon 21-Jul-2014___2.957  kwh
_3AM  Sunday 7th-Sep-2014____0.172kwh  
 __2AM  Tue 11th-Feb-2014_0.252  kwh  
 _12PM 10th-Jul-2014____1.38kwh
  __3PM   12-Jun-2014_0.583 kwh  
 __9 AM  Thu 12-Jun-2014____0.643  kwh 
 4AM   Fri 16-May-2014____0.176 kwh  
  _5PM 18-Jan-2014___1.818  kwh
  2PM  Wed 24th-Sep-2014_0.30kwh  
  __5PM   Thursday 13th-Mar-2014_1.019 kwh
  __2 AM 30-Dec-2014_0.189kwh 
 __1 PM 15th-Mar-2014__0.518  kwh
  5PM  Thu 24th-Apr-2014___0.312  kwh  
_12AM  Sat 15th-Nov-2014___0.317  kwh  
 __4AM   Sat 6th-Sep-2014_0.229 kwh
  _9PM   Wed 30th-Jul-2014____1.282  kwh  
  9 AM   Saturday 9th-Aug-2014_1.253  kwh
  5PM  Mon 5-May-2014___0.853 kwh
  _3AM  3-Aug-2014___0.356  kwh
__12PM   12-Oct-2014____0.374  kwh  
  _8 AM Thursday 10th-Jul-2014____0.778kwh
  __4AM Thu 27-Feb-2014___0.286  kwh  
  __9PM Tuesday 15th-Apr-2014__0.158kwh 
  __10PM   Wed 08-Oct-2014_0.255 kwh
 __6 PM 16th-Jan-2014____3.052 kwh
__4AM   Fri 27th-Jun-2014_0.353  kwh
_10AM   01st-Nov-2014____0.254  kwh  
 _1AM   27th-May-2014__0.128kwh
  _5PM  18th-Feb-2014___1.669kwh 
_11AM   Sat 12-Jul-2014__1.411 kwh
__11PM  12th-Apr-2014__0.267kwh  
__10PM 19-Jan-2014_0.87  kwh
  _2PM   04-Jun-2014____0.684 kwh 
  11PM Thursday 3-Apr-2014_0.146kwh  
 __1AM   12-Nov-2014___0.102  kwh
 __10AM  3-Dec-2014___0.475  kwh
 5 AM   Mon 24-Mar-2014___0.986 kwh
 __5AM  23-Aug-2014___0.302kwh 
 5 AM   Wed 19-Mar-2014____0.792  kwh 
_5 AM Fri 29th-Aug-2014___1.201kwh
 8PM  15-Mar-2014____1.656 kwh 
_1 PM  Wed 27th-Aug-2014_0.562  kwh  
_1PM   Saturday 14-Jun-2014_1.285  kwh
1 AM   18-Sep-2014_0.12kwh  
 5PM   Tue 7-Jan-2014___2.132 kwh 
  12 PM 12-Sep-2014____0.305  kwh  
 7PM 9th-Jan-2014__3.492kwh 
  7AM  26-Jun-2014___1.555 kwh 
  _8 PM 27-Feb-2014___1.843kwh 
 __7AM Thu 19th-Jun-2014__1.863 kwh
_9PM 13-Feb-2014____0.749 kwh 
 __1 PM 23-Oct-2014__0.226  kwh  
 __12PM   Fri 25-Apr-2014____0.176 kwh 
  6 PM Fri 19-Sep-2014____1.147  kwh  
 8 AM  Tue 11th-Nov-2014__0.216 kwh 
 _12 AM 18-Jun-2014_0.513 kwh 
 9AM  Wed 22nd-Oct-2014___0.205kwh 
_11PM  Thu 13th-Mar-2014__0.392 kwh
  _3 PM 09-Feb-2014____1.199  kwh 
 __7 AM Wednesday 27th-Aug-2014_0.94 kwh  
_7 AM  5th-Apr-2014__0.295 kwh 
  __6AM Thu 18th-Dec-2014_1.241  kwh  
 __8PM   Thu 18-Dec-2014___1.954 kwh  
_5PM   Mon 11-Aug-2014___1.856  kwh
  __10PM   Sat 19-Jul-2014___0.96  kwh
__8PM  24-Jun-2014___3.427  kwh 
  _2PM  15th-Jan-2014__0.912  kwh  
 __12 AM  Sat 15-Mar-2014__0.525kwh  
  3PM   20th-Dec-2014____0.792kwh 
  10PM 12-Jan-2014_1.04kwh
  __5AM   Tuesday 14th-Oct-2014_0.779kwh  
6 AM  1st-Sep-2014____0.773  kwh
 _1 AM  29th-Sep-2014___0.151  kwh
__12PM   01st-Jul-2014___1.128 kwh 
  _12AM  2-Jul-2014___0.583kwh
 __1AM 22nd-Sep-2014__0.136 kwh 
 _2 PM 29-May-2014__0.32  kwh 
5 AM   18-Jun-2014___2.039kwh
 __11 AM 6-Jul-2014____1.541kwh
_4 PM  Wed 05th-Mar-2014__0.32kwh  
 _5AM  14th-Mar-2014__0.722  kwh  
 _12 PM 11th-May-2014____0.576 kwh 
 5PM  Tuesday 14th-Oct-2014___0.718  kwh  
 2AM   Thu 4-Sep-2014____0.112 kwh  
  _3PM Sat 28th-Jun-2014____1.555  kwh
  7AM Fri 4-Apr-2014_0.238  kwh  
__8PM   Thu 4-Dec-2014_1.531kwh
 __12 AM Tue 8-Apr-2014____0.077kwh
 6AM Saturday 5-Apr-2014__0.216  kwh  
 _7 PM  Friday 29-Aug-2014_2.484kwh  
__3PM   10-Apr-2014__0.113  kwh 
_1AM   22-Mar-2014__0.194 kwh  
 2AM  Thursday 22-May-2014__0.131kwh
  _11AM   5th-Dec-2014____0.539kwh
9PM  12-Nov-2014__0.224kwh  
6AM  Wednesday 1-Oct-2014____0.835  kwh 
  __7 PM Saturday 15-Mar-2014_1.181 kwh 
11AM  Sun 19-Oct-2014_0.364 kwh  
  1 PM 18th-Oct-2014__0.385kwh
12PM 16-Jan-2014_0.81kwh
8 PM  28-Aug-2014__1.594 kwh
_3PM Monday 30-Jun-2014__0.727 kwh 
__12AM Mon 03-Mar-2014__0.257  kwh 
  _11AM Wednesday 13-Aug-2014____0.534 kwh 
_5AM 29th-Nov-2014_0.143 kwh
__11PM   Fri 19-Sep-2014____0.679kwh  
 7 AM  Friday 27-Jun-2014___1.62  kwh  
  _4PM Sun 12-Jan-2014___1.548  kwh  
  _8AM   Friday 22nd-Aug-2014_0.475  kwh  
 _11PM 19th-Dec-2014____1.232 kwh
  __3AM 18th-Oct-2014__0.171  kwh 
__9PM  29th-Mar-2014____0.339kwh  
 5AM   Mon 10-Feb-2014__1.571 kwh 
__5AM  Monday 26th-May-2014____0.801  kwh  
12AM 23-Dec-2014___0.389kwh 
  _8 AM  Fri 3rd-Jan-2014__0.768 kwh
 9AM   Thursday 31st-Jul-2014__0.634 kwh
_4AM 08-Jun-2014_0.459  kwh 
 10PM   04-Sep-2014___0.41  kwh 
 6 PM   Wednesday 29th-Jan-2014___3.052  kwh  
__11PM  4-Nov-2014___0.232 kwh 
 __3PM 20th-Mar-2014__0.371kwh 
 12AM Wednesday 26th-Mar-2014____0.242 kwh 
 _3 PM  Sunday 3-Aug-2014_1.188kwh  
 9PM   14th-Sep-2014____0.391 kwh  
 __7PM 06th-Jan-2014___4.284  kwh 
  _10PM 8th-Jun-2014___0.792kwh
  __11PM  Thu 20-Nov-2014____0.248  kwh 
  _12 AM  29-Oct-2014___0.146 kwh  
  _4 AM  18-Oct-2014_0.184  kwh 
 10 AM  9th-Sep-2014____0.314  kwh
 _10 PM Mon 5-May-2014____0.376 kwh  
 5PM  11-Jul-2014____3.713kwh
  4 AM  24th-Nov-2014__0.094  kwh 
_4PM   10-Sep-2014____0.255kwh
_8PM Wednesday 31-Dec-2014_1.901 kwh  
 _10 AM 14-Feb-2014____0.528 kwh  
_9 AM   7th-Feb-2014_0.346kwh 
 12 AM   Tuesday 28th-Jan-2014__0.636 kwh 
 _4 PM  07-Jun-2014___1.474 kwh  
6 PM   19-Apr-2014__0.599 kwh  
__6 AM  Fri 7-Mar-2014___0.874 kwh 
  _12AM  24-Aug-2014_1.027kwh  
  4AM 7-Sep-2014_0.239  kwh  
  _4AM 27th-Apr-2014___0.106kwh  
 10AM  Fri 25-Apr-2014___0.11  kwh 
  __11 PM Tue 17th-Jun-2014_0.828kwh  
  10PM  14-Nov-2014___0.35 kwh 
_6 AM Sun 26th-Jan-2014___1.76 kwh 
_12AM  Sat 22-Feb-2014____0.826 kwh  
 _9AM   Wed 15-Oct-2014_0.18 kwh  
  __3AM  Sat 5th-Apr-2014____0.094  kwh 
  _5AM  20-Feb-2014__1.148 kwh
_1AM Wed 08th-Oct-2014_0.13  kwh 
 6PM 27th-Jan-2014___3.052kwh 
  _10AM  3-Sep-2014___0.263  kwh  
_10PM   16th-Sep-2014_0.284 kwh  
  _8PM   Thursday 16-Oct-2014____1.008  kwh
  10PM 01-Feb-2014___0.552kwh
  _5PM  11-Apr-2014___0.445 kwh  
  _6AM 30th-Oct-2014___0.814 kwh  
__4PM  Sun 9th-Feb-2014___0.864  kwh  
 __11 PM  24th-Apr-2014____0.129kwh  
__4AM Mon 14th-Jul-2014_0.552kwh  
__9PM   05-Jan-2014___1.176kwh 
  11PM   Monday 8th-Dec-2014____0.446 kwh  
  _8PM   18-Jun-2014__2.736  kwh 
_1 AM 14-May-2014_0.155 kwh 
3AM 14-Sep-2014__0.214  kwh 
 8 PM   Sat 26th-Jul-2014____3.931kwh
  __8PM Fri 31-Jan-2014___3.616 kwh
  6 AM  Thursday 05-Jun-2014__2.311  kwh
12AM   26th-Sep-2014____0.252  kwh
  __3 PM  Sunday 09th-Nov-2014____0.348  kwh  
  1PM  21-Dec-2014____0.719  kwh  
3 AM Mon 8-Sep-2014__0.168 kwh
1 PM   Friday 21st-Nov-2014__0.18 kwh  
  _2 PM   17-May-2014__0.704  kwh  
 _8PM 08-Nov-2014___0.664 kwh 
  9AM Sun 30-Mar-2014___0.655  kwh  
__7PM   Sun 28-Dec-2014___2.099  kwh 
 5AM   Wednesday 08-Jan-2014___2.64 kwh  
  __6AM  8-Jun-2014_1.253 kwh  
  __8PM  Wednesday 12-Nov-2014_0.778 kwh 
1AM 14th-Jun-2014__0.47kwh  
_7 PM  7th-Oct-2014____1.242  kwh
9AM   27th-Mar-2014___0.25 kwh  
 _7AM   Sat 11-Oct-2014____0.814 kwh  
__4PM 2-Dec-2014_0.409  kwh
 _7 AM Mon 29th-Sep-2014___0.743kwh 
 _6PM Tue 22-Apr-2014___0.479kwh
_2AM Thursday 15th-May-2014___0.182  kwh 
 _9PM   Sat 27-Dec-2014___0.488 kwh  
__8 PM Sat 22nd-Mar-2014__1.296  kwh 
 _3PM 21-Sep-2014_0.504kwh
  _3 PM  Sat 27-Sep-2014_0.662 kwh  
6PM  Sun 28-Dec-2014____1.94  kwh
 _8AM   29th-Aug-2014___0.398  kwh 
5AM  08-Jun-2014____0.54 kwh  
  __1 AM  Wed 23rd-Apr-2014_0.053  kwh  
  12AM 16-May-2014___0.24 kwh
8PM  16th-Jan-2014__3.456 kwh 
  _10PM Sat 14th-Jun-2014__0.821  kwh 
__12AM  Sunday 26th-Oct-2014_0.461kwh  
3PM  Sun 30th-Mar-2014__0.72  kwh
__8 AM  13-Oct-2014___0.271  kwh
__3AM   Sun 23rd-Mar-2014__0.247 kwh 
  _5PM 17-Sep-2014_0.892  kwh 
 7PM 17th-Mar-2014__1.613  kwh
 _11PM   29th-Oct-2014___0.276kwh  
  __4PM   26th-Aug-2014__0.562kwh  
__2 PM  06-Jan-2014____0.688  kwh 
 1AM  20-Oct-2014_0.13kwh  
  _5AM 6-Apr-2014__0.096 kwh
  __6 PM Sat 22-Nov-2014____0.705 kwh
  __5PM  Sun 23-Feb-2014___1.188  kwh 
 _10 PM  Saturday 2-Aug-2014__0.451 kwh
 11AM  5-Jun-2014__0.90kwh  
_10 AM   Tue 04th-Nov-2014__0.153 kwh 
__1AM Sunday 07th-Dec-2014_0.343 kwh 
_12 PM 07-Feb-2014_0.684 kwh  
11AM   Thursday 12th-Jun-2014____0.99kwh 
 9AM Sun 19th-Oct-2014___0.562kwh  
  _11 PM  11-Sep-2014__0.361kwh 
  2 AM Sun 9th-Feb-2014_0.356  kwh  
  __6 PM  Sat 25-Oct-2014__1.102  kwh 
 10AM  Tue 30th-Sep-2014____0.224  kwh  
 __12PM  Friday 29-Aug-2014_0.678  kwh
 _1 PM   30th-Jun-2014___0.864kwh 
__2PM  03rd-Feb-2014_0.547  kwh 
 _11PM   19-Jan-2014__1.03  kwh  
  _7 PM  22nd-Aug-2014_1.836  kwh 
  _8AM  25th-Aug-2014___0.437kwh 
 _7 AM Friday 31-Jan-2014___1.908 kwh 
 6AM   Monday 27-Jan-2014_2.712 kwh 
  7PM  12th-Oct-2014____1.058  kwh
 _12AM   9th-Jul-2014___0.72  kwh
  4PM   21-Jul-2014___0.912  kwh  
12 PM   28-Aug-2014_0.60 kwh
_8PM   19-Dec-2014____1.989kwh  
__11PM  29th-Aug-2014____1.20  kwh 
  __9PM Sun 2-Feb-2014____0.785 kwh  
_4PM  10th-Aug-2014___1.08 kwh  
__9 PM  16th-Apr-2014_0.178kwh  
  __6 PM  Thu 23-Jan-2014___3.22kwh 
 8PM 27th-Nov-2014_0.626 kwh 
_11AM   18th-Feb-2014___0.54 kwh  
  __8AM  25-Jun-2014__0.648  kwh 
2 AM Sun 20-Apr-2014____0.081  kwh  
 __8 PM 28-Mar-2014__1.536  kwh
 __1PM 31st-Jan-2014___0.808 kwh
 _2PM 01-Jul-2014_0.816  kwh  
  3PM 27-Mar-2014___0.355  kwh  
4AM 23-Oct-2014___0.139  kwh
  _11AM   Friday 09th-May-2014__0.412 kwh
 _1AM   Thu 25th-Sep-2014____0.125 kwh
  _2PM  25th-Feb-2014___0.494 kwh
  _5PM   28-Feb-2014____1.81  kwh 
2PM   30-Jan-2014____0.752 kwh
__1PM   14-Aug-2014__0.533  kwh
 __3AM Tue 28-Jan-2014__0.36  kwh  
  __10PM   05-Mar-2014____0.472 kwh  
  _2 PM   Sun 14th-Sep-2014__0.543 kwh 
  _12 AM Saturday 06-Dec-2014___0.836kwh  
 __7AM  Sat 17th-May-2014___1.018  kwh  
  __1PM  Wednesday 16-Apr-2014___0.11  kwh 
__9PM   Wednesday 10th-Sep-2014_0.361 kwh
 _3 AM 14-May-2014_0.162 kwh 
  7 AM 20th-Apr-2014____0.367  kwh  
  7AM  15th-Mar-2014_0.902kwh
__3PM  Saturday 6th-Dec-2014_0.99kwh 
_3AM   24th-Aug-2014___0.302 kwh  
  _8PM   19-Jun-2014__2.621 kwh 
 9 PM 9th-Oct-2014__0.385  kwh  
7AM 19th-Aug-2014__0.875  kwh
 _7 PM   3-Nov-2014___0.972 kwh  
 __3 PM 14-Nov-2014___0.214  kwh 
_10AM   01st-Dec-2014_0.48  kwh  
10PM  20-Nov-2014__0.218 kwh
  _8PM Sun 30th-Nov-2014__0.713 kwh 
  _4 AM   13-Dec-2014____0.314  kwh 
  12PM 6th-Apr-2014_0.20 kwh
  _8PM Tue 4th-Feb-2014__1.882  kwh  
  _11AM  Thursday 6-Nov-2014___0.243  kwh
_6AM Tue 25-Mar-2014_0.96kwh
 _11AM Mon 8-Sep-2014_0.417kwh  
  1 PM  Sat 05th-Jul-2014___1.166  kwh
7PM   2-Oct-2014____1.112  kwh  
 6PM  Wed 22nd-Jan-2014___3.024 kwh  
_3PM  Wed 10-Sep-2014____0.30kwh  
__8PM  13th-Nov-2014___0.857  kwh 
 _3AM  03-Sep-2014__0.168kwh
 __2AM Friday 10-Jan-2014____0.376  kwh
  __10PM  30th-Nov-2014____0.191 kwh  
_11AM 20th-Aug-2014_0.582kwh
  __8AM Thursday 24th-Apr-2014___0.101kwh  
 _1PM   3-Jun-2014__0.634  kwh  
  __7 PM   Fri 20th-Jun-2014___2.624  kwh
  __4AM  10th-Apr-2014__0.055 kwh 
  _4 PM   Mon 29th-Sep-2014_0.33 kwh 
  __10AM   Wed 22-Jan-2014__0.776  kwh 
4PM   Sun 14-Sep-2014_0.63kwh 
  __3 PM 26-Mar-2014__0.378  kwh  
 _6 PM   26-Aug-2014___1.747kwh
_9PM   14-Jun-2014___0.864  kwh  
 9 PM Wed 24-Sep-2014___0.336 kwh
 __1PM 22nd-Apr-2014___0.139 kwh 
12AM  Fri 24-Jan-2014__0.678kwh 
 7 AM Wed 1st-Jan-2014___1.53  kwh 
 __10 AM  5th-Feb-2014__0.485kwh
_2PM 12-Feb-2014_0.432 kwh 
  __11PM  Fri 10-Oct-2014___0.516kwh  
  __9AM   Sat 23rd-Aug-2014_0.929  kwh  
 _9 PM Wed 23rd-Apr-2014_0.207kwh  
  _8AM Wed 30-Jul-2014_1.094 kwh
  _1AM Thu 24th-Apr-2014____0.059kwh 
__11AM 13-Mar-2014____0.376kwh  
 12PM Mon 07th-Apr-2014__0.143  kwh  
 _5PM 01-Jan-2014___2.548kwh 
_7 PM Sat 29th-Mar-2014___1.714kwh 
  __12 AM   Monday 11th-Aug-2014_0.338 kwh 
  12AM   Sunday 9th-Mar-2014____0.55kwh  
  _9 PM Fri 28th-Feb-2014__0.418kwh
  __7AM Sat 3-May-2014____0.845kwh  
  _3AM  8th-Mar-2014___0.23  kwh
  _9AM Tue 26-Aug-2014__0.428kwh
 _11PM   9th-Sep-2014_0.28 kwh 
 _12AM  Sun 2nd-Mar-2014____0.704 kwh  
9AM  1st-Jun-2014____1.701  kwh
 11AM 07-Dec-2014____0.64kwh 
_6PM   Sunday 7th-Dec-2014__1.96 kwh
_5PM  Friday 17th-Jan-2014__2.886  kwh  
  4PM   24-Nov-2014_0.18  kwh  
  7 AM  24-Apr-2014___0.311kwh 
 10 PM  29th-May-2014____0.356kwh  
 10 PM Sat 5-Apr-2014_0.104kwh 
 _9 AM Monday 4-Aug-2014____0.317kwh
 __11AM  Sat 04-Oct-2014_0.41 kwh  
  5AM  Thu 11-Dec-2014_1.234  kwh  
  4AM   Wednesday 8-Jan-2014___0.384kwh  
  _5 AM Saturday 15-Feb-2014____0.40kwh  
  _3 AM   Monday 14th-Jul-2014___0.466kwh  
  __11AM Thursday 09-Oct-2014__0.243  kwh 
_10AM Sunday 2-Nov-2014__0.324  kwh  
 4AM   15-Sep-2014____0.151kwh  
 __10AM  10-Jan-2014___0.848kwh
  _3 AM  Tue 23rd-Dec-2014_0.211 kwh  
  __11PM  16th-Apr-2014__0.15 kwh  
__8AM   Monday 9-Jun-2014_0.684 kwh
  9AM  Sunday 14-Sep-2014____0.636kwh  
  __10AM Sun 31-Aug-2014____0.742 kwh  
  _10 PM 7th-Sep-2014__0.333kwh  
  _3AM  7-May-2014___0.158kwh  
6 AM   12th-Jul-2014__2.15  kwh
12AM 14-Oct-2014____0.158 kwh
 _7PM Sunday 16th-Mar-2014_1.555  kwh 
 _3 AM  Wed 26th-Nov-2014____0.105 kwh 
 __10 PM  Sat 17th-May-2014____0.256kwh
  _3AM   22-Jul-2014____0.528  kwh  
 3AM 18-Feb-2014_0.235  kwh 
  _10PM 17th-Jan-2014_1.638  kwh  
  2AM   10-May-2014__0.262 kwh
  7PM 13-Nov-2014___0.689kwh  
_8AM  31-Dec-2014_0.361  kwh
 7PM   18-Oct-2014___1.188 kwh  
 __11AM 9-Apr-2014__0.162 kwh 
  _3AM  15th-Dec-2014___0.183  kwh  
 __10AM  Mon 28-Jul-2014_1.018  kwh 
  _10 AM  17th-Sep-2014_0.328kwh  
 _2AM   1st-Aug-2014___0.218kwh
8 PM   Wed 3rd-Sep-2014___0.907kwh
6AM Wed 25th-Jun-2014_2.376  kwh
__5AM   16-Nov-2014____0.134 kwh  
 10PM Friday 07-Nov-2014___0.268  kwh  
 6PM 16-Dec-2014_1.278  kwh
__6AM  27th-May-2014___0.96 kwh  
  _11PM   Saturday 14-Jun-2014__1.782 kwh
  __6PM   Fri 17-Oct-2014_0.706 kwh  
  _7AM  Wed 30th-Apr-2014__0.313kwh 
  _6PM   Sun 6th-Jul-2014__3.845 kwh 
 _10AM   Thu 19-Jun-2014__0.828  kwh
 __7 PM   23rd-Aug-2014__2.074 kwh
11AM  26th-Jan-2014_0.96kwh
 __12PM  Tuesday 10-Jun-2014_0.846 kwh  
  _3AM   4th-Mar-2014___0.189 kwh 
  8AM   Fri 26-Dec-2014____0.449 kwh 
  __8PM   Wed 12-Feb-2014____1.997kwh
_2 AM   Saturday 13-Sep-2014____0.193 kwh  
  __1AM   Fri 4-Jul-2014_0.509  kwh 
 _12 AM   03-Feb-2014_0.356kwh 
  _1PM  Wed 13-Aug-2014_0.48kwh  
_2PM   17th-Sep-2014_0.263kwh 
 __3PM  14th-Jul-2014___0.95 kwh  
  _5 PM  21-Apr-2014___0.429  kwh
  _5 AM 12-Mar-2014__0.757 kwh 
 __2AM  Fri 11-Jul-2014_0.442  kwh  
__6 AM   Sat 24-May-2014___0.602 kwh  
  __11PM  18-Feb-2014___0.576 kwh  
  10 PM   22nd-Oct-2014____0.348kwh  
7 PM   Sat 22-Mar-2014__1.656 kwh
 6PM   06-Jun-2014____2.066kwh  
__10AM  Sunday 04-May-2014__0.504  kwh 
 10PM   Thu 23rd-Oct-2014____0.324  kwh
__3 PM   13th-Sep-2014_0.504  kwh
  _6AM   27th-Aug-2014_1.181 kwh
__9 AM  Friday 17-Oct-2014____0.151kwh
__3 AM Thu 25-Sep-2014_0.143kwh 
9AM  Sunday 7-Sep-2014____0.737kwh  
  12AM  22nd-Mar-2014_0.544 kwh 
 __12AM  26th-Jan-2014_1.776 kwh 
  _1AM  2-Apr-2014___0.063  kwh  
10 AM 2nd-Jul-2014____0.816  kwh 
__4 PM  4th-Jul-2014_0.845  kwh
  __9PM Sat 19-Jul-2014____0.864kwh  
  4 AM 4-Dec-2014_0.194 kwh
 7PM   23-Jul-2014___3.758 kwh
  _11PM   Saturday 12th-Jul-2014____2.208kwh  
  10AM 13-Oct-2014___0.247kwh  
 _8AM   Sunday 16th-Mar-2014__1.092kwh 
 __9 PM   Mon 14-Jul-2014___1.454  kwh 
__10 AM  Monday 6-Oct-2014____0.228  kwh
  __5PM 31st-Jan-2014__2.574 kwh
 __1PM  Tuesday 23rd-Sep-2014___0.227 kwh
 2 AM  19-Nov-2014___0.091 kwh
  _9AM   Fri 14th-Feb-2014__0.414  kwh  
_1PM Thu 11th-Dec-2014____0.422 kwh  
  _9AM   Saturday 12-Apr-2014__0.294kwh
_10PM Thu 6th-Feb-2014__0.702  kwh  
  __1AM   19-Sep-2014____0.153  kwh  
  6AM  18th-Aug-2014_1.238kwh 
  __5AM  Wed 19th-Nov-2014_0.421 kwh  
 _12PM 11-Jul-2014_0.96  kwh  
 12PM 27th-Aug-2014____0.684 kwh 
  __6PM 29th-Mar-2014____1.411 kwh  
 _8PM   20th-Jul-2014__5.141 kwh 
  _12AM Mon 28th-Apr-2014__0.089kwh 
  _11 PM  Thu 1-May-2014__0.472 kwh 
12AM   14-May-2014____0.211kwh
  __12AM   15-May-2014____0.264  kwh
  1 AM   28th-Aug-2014__0.228  kwh 
__1 AM   Thursday 26th-Jun-2014__0.32kwh 
  5AM 19th-Apr-2014____0.103  kwh  
  __5AM   Wednesday 17th-Sep-2014__0.793  kwh  
__2 AM Thu 24th-Jul-2014__0.49  kwh  
 __1PM   Sun 30-Nov-2014_0.286  kwh 
__4 PM Sat 29-Nov-2014___0.466  kwh  
 _9 AM 5-Feb-2014__0.403 kwh 
 _11AM Mon 17-Mar-2014__0.32 kwh 
10 PM Sat 11-Oct-2014____0.238 kwh
_9AM  Thursday 3-Jul-2014___0.619  kwh 
 _1 AM Sunday 28th-Dec-2014_0.30  kwh
__10 PM  Sunday 02nd-Feb-2014___0.606  kwh  
  __8PM 24-May-2014_1.426  kwh
  2PM 25-Apr-2014__0.144 kwh
 _6 AM Thu 20-Feb-2014__1.685kwh
  _2 PM   Thu 27-Mar-2014_0.262 kwh 
 __5AM  Tue 11-Mar-2014__0.95  kwh  
_6AM 16-Nov-2014_0.331kwh  
_11PM 14th-Jul-2014__0.972 kwh  
9PM   Tuesday 19-Aug-2014__0.842 kwh  
 __7 AM Tue 11-Mar-2014____0.698kwh
__2PM   Sun 19-Jan-2014___1.744 kwh  
_7 AM   Thu 08-May-2014_0.85kwh 
  _11PM  6-Mar-2014____0.416kwh  
  __6AM  22nd-Mar-2014___0.755 kwh  
12 PM   Sat 23-Aug-2014_0.641kwh 
 _5AM Wed 6-Aug-2014____1.201kwh  
5AM  Mon 14-Apr-2014_0.343  kwh
  _2AM 4-Dec-2014____0.253  kwh
__1AM  Friday 24th-Oct-2014_0.127 kwh
 9AM   Fri 20th-Jun-2014___0.464  kwh
  10PM   8th-May-2014____0.324 kwh
 _10PM   21-Sep-2014____0.413  kwh 
  _9AM Tuesday 13th-May-2014_0.211kwh
5PM Tuesday 25-Mar-2014_1.186  kwh  
  __12AM   21st-Feb-2014____0.403kwh  
 6PM   28-Jul-2014____3.595  kwh
 _6AM   21st-Sep-2014__0.672  kwh
  11 PM 2nd-May-2014____0.848  kwh 
  _10AM Thursday 28th-Aug-2014_0.432  kwh 
 _12AM  7th-Mar-2014_0.206  kwh  
  __12 PM   Tuesday 23-Dec-2014___0.611 kwh  
  11PM 02-Feb-2014__0.624  kwh  
 _3 AM  19-Jan-2014____0.642 kwh  
 __6PM  Fri 25th-Jul-2014____3.394kwh  
  _2 AM   26th-Jul-2014____0.576 kwh 
 __8AM 1-Sep-2014_0.249kwh 
 4AM 13-Sep-2014___0.227kwh  
  5PM  Mon 10-Nov-2014___0.679 kwh  
1 AM  9-Feb-2014___0.389kwh
12PM  Tue 07th-Oct-2014_0.282kwh  
 _9PM 4th-Jun-2014__1.199 kwh
  _2AM   28-Jan-2014_0.40kwh 
  _10PM  Mon 21st-Apr-2014____0.126  kwh
12AM  4-Jul-2014____0.655 kwh 
 __12PM  25-Jan-2014____1.368kwh 
 __2PM  19-Jul-2014___2.17 kwh 
__2 AM   2nd-Oct-2014__0.136  kwh  
 5 AM   03rd-Apr-2014_0.37kwh
6AM   Sun 2-Nov-2014____0.317 kwh 
__10PM Wed 12-Nov-2014_0.18kwh  
9AM   Tuesday 12-Aug-2014____0.346  kwh 
 __9 AM  Wednesday 28th-May-2014__0.271  kwh
 __6AM   12th-Nov-2014___0.637kwh  
  12 PM Tue 30-Dec-2014_0.644kwh
 _2 PM   16th-Oct-2014__0.286 kwh  
__12 PM   5th-Sep-2014__0.308  kwh  
 9AM  25-Mar-2014___0.257 kwh
5PM 25th-Apr-2014__0.347 kwh  
  __12PM  Sat 29th-Nov-2014____0.232  kwh  
  _3PM   25th-Dec-2014__0.383 kwh 
__8AM  Friday 14-Nov-2014____0.211kwh  
 _6AM 15th-Mar-2014___0.531  kwh
__7AM  Fri 21-Nov-2014___0.373 kwh 
 _2AM   Wed 15-Oct-2014____0.144  kwh  
 __2PM 4-Nov-2014__0.203kwh
_4PM   10-Nov-2014_0.151kwh 
  _6PM Tue 07-Oct-2014___0.907kwh 
  _5 AM   29-Jul-2014_2.666kwh  
__1 PM   22nd-Oct-2014__0.25  kwh 
  __10AM  Monday 22nd-Dec-2014_0.427kwh 
12PM   Thursday 26th-Jun-2014____0.72  kwh  
12AM   Thu 17-Apr-2014_0.084kwh  
  9 AM   15th-Apr-2014____0.078  kwh 
 4AM Mon 30th-Jun-2014____0.338kwh  
_8PM   21-May-2014____1.498kwh  
5PM 05-Feb-2014__1.326kwh 
__7 PM  Tuesday 30-Sep-2014_1.462kwh 
1AM   19-Nov-2014___0.10  kwh
10AM   22nd-May-2014____0.342kwh
 __2PM  Tue 11-Mar-2014___0.362  kwh 
 _4AM   24-Mar-2014___0.192  kwh
  2 PM 7th-Sep-2014__0.655kwh
 3 AM 13-Jul-2014____0.727  kwh
  7AM Sun 31st-Aug-2014___1.368  kwh 
  _11PM   Thu 9-Jan-2014____0.88  kwh
 1 PM 17th-May-2014___0.451kwh 
 _11 PM   Tuesday 4-Feb-2014_0.504kwh
  _5 PM 15-Feb-2014_0.95kwh  
  _2 PM  05th-Dec-2014___0.458  kwh  
__11PM   16th-Dec-2014__0.583 kwh  
  __4AM  Sunday 6-Apr-2014_0.104kwh 
_9 PM   Tuesday 7-Jan-2014___0.96kwh  
  1PM 28-Mar-2014_0.288 kwh
_11PM 13-Dec-2014_1.111 kwh  
_4AM   16th-Nov-2014_0.159 kwh
  __8AM  27th-Apr-2014____0.32 kwh  
2 PM  Thursday 9th-Oct-2014_0.271 kwh  
  __4 AM Mon 10th-Feb-2014_0.202  kwh 
  __9PM  Tue 09th-Dec-2014___0.68kwh 
 _4PM   5-Dec-2014__0.378  kwh  
  __8AM   Thursday 23rd-Jan-2014____0.736 kwh 
 2AM   Sat 08th-Mar-2014__0.238  kwh
7PM   14-Jun-2014_2.754kwh 
__11 PM Saturday 8th-Mar-2014__0.68  kwh  
  __2PM Thu 31st-Jul-2014___0.778 kwh  
 3 PM Monday 24th-Nov-2014__0.198kwh
10 PM  4-Feb-2014____0.696 kwh
11 AM   Fri 27th-Jun-2014___0.936 kwh
 1AM 9-Nov-2014_0.153 kwh 
 2 PM  17-Jun-2014_0.59 kwh  
__3 PM Sat 22nd-Nov-2014___0.348 kwh 
5 AM   Tuesday 11th-Feb-2014__1.056kwh 
  5AM  3-Feb-2014_1.228 kwh
 3AM   Mon 24-Nov-2014____0.076kwh 
  _4 PM  Friday 21-Mar-2014____0.352kwh 
 _2PM  Fri 16-May-2014_0.346 kwh 
_2 PM   Friday 7th-Mar-2014_0.269  kwh
 _4PM  Sunday 16th-Mar-2014__0.821kwh  
  6AM 17-May-2014____0.768 kwh
  2 AM   Thu 17th-Apr-2014__0.057 kwh 
__8AM 29th-Dec-2014__0.528kwh
  __11AM  Monday 30th-Jun-2014____0.855 kwh  
 8PM  5-Sep-2014___1.232  kwh 
 _5PM  Wed 10-Dec-2014__1.216  kwh  
11PM   Monday 28-Jul-2014___1.308 kwh
 __6PM  Friday 12th-Sep-2014___0.833  kwh 
9 PM   Sunday 14-Dec-2014__0.733 kwh  
 _8AM 14th-Sep-2014____0.901 kwh  
 3PM   Tue 28-Oct-2014_0.288kwh  
 __4AM Sat 5th-Jul-2014__0.612kwh
 _12AM   17-Jun-2014___0.637 kwh  
_8PM  21st-Jun-2014____2.624  kwh  
__2AM Thu 16th-Jan-2014____0.448  kwh  
  5AM 26-Sep-2014____0.855  kwh
  _1 AM  Friday 8-Aug-2014_0.216 kwh  
1PM  09th-Feb-2014_0.756  kwh 
 __3PM   05-May-2014_0.342kwh
7AM   Tue 2-Sep-2014___0.725 kwh  
 __12AM   10-Jul-2014__0.778kwh
 __9 AM   16th-Apr-2014___0.077 kwh 
  _1PM  9-May-2014____0.272kwh
 __6PM   21-Apr-2014_0.424 kwh
__11AM 12th-Feb-2014_0.582 kwh  
  _1AM   Wednesday 5-Nov-2014__0.101kwh
_1AM   02-Oct-2014___0.144kwh  
  11AM   19-Aug-2014_0.60  kwh  
 2 AM  Wed 18-Jun-2014__0.428  kwh 
 _8 PM  Sat 16-Aug-2014__2.138  kwh
  7 AM  05-Nov-2014_0.45kwh 
  11AM  Mon 17th-Feb-2014_0.672 kwh
  __12AM  1st-Jan-2014_0.684 kwh  
  __10AM Monday 3-Mar-2014____0.304kwh  
__5PM  Fri 29-Aug-2014___1.732 kwh 
1AM 13th-Dec-2014__0.287kwh
 2PM  25-Sep-2014__0.288kwh
  __10PM 14th-Jul-2014_0.996 kwh 
__9AM  19th-Dec-2014__0.277  kwh 
_9AM 05-Jul-2014____1.901kwh 
  _8PM  Sunday 01st-Jun-2014__3.564 kwh  
 10 AM  18th-Dec-2014___0.44 kwh  
7 PM  09-Mar-2014__1.238kwh  
 8PM  Tuesday 26-Aug-2014___1.574kwh
__2AM  9th-Oct-2014_0.109 kwh  
  7PM  20th-Apr-2014_0.599 kwh  
2PM 2-Jun-2014___0.857  kwh 
_7 AM 30-Aug-2014____1.57  kwh 
  _2PM  Tuesday 3rd-Jun-2014___0.77kwh
  __11 AM  Saturday 21-Jun-2014___1.22 kwh  
  9AM  08-Sep-2014____0.185  kwh
_9PM   Thu 4-Sep-2014_0.437  kwh  
 10AM 12-Jul-2014___1.512kwh 
 __12 AM  Tue 7th-Jan-2014___0.48 kwh  
  __10PM 19th-Dec-2014___0.886kwh  
 __2PM 29th-Jul-2014_0.797kwh 
  8AM   14-May-2014__0.304 kwh  
 __8AM 02nd-Jun-2014____0.706 kwh
 _2 PM   Tue 30-Dec-2014___0.453  kwh
__2AM Sat 18-Oct-2014___0.212  kwh
 __5 AM  26th-Dec-2014__0.992 kwh 
 2PM  2nd-Nov-2014__0.335  kwh
  6AM  17th-Aug-2014_0.902 kwh 
__4 PM   Sat 20-Sep-2014___0.573kwh
4 AM   Thu 13th-Feb-2014____0.216kwh
_12 AM  Thu 30th-Oct-2014____0.167 kwh  
 __8PM  Wed 17-Sep-2014_0.907  kwh
 _4PM Sun 17-Aug-2014___1.22 kwh 
_12 PM 31st-May-2014___0.446 kwh  
 _3PM Thu 18-Sep-2014____0.319 kwh
  _5 PM   17-Feb-2014___1.31kwh  
_1AM  26-Feb-2014____0.216kwh  
 _8 AM   11-Oct-2014__0.78  kwh 
 _5PM   Sun 9-Mar-2014___0.814 kwh
1PM   29th-Jul-2014___0.806  kwh 
 11AM  14-Jun-2014___1.004kwh
  11PM  Wed 2nd-Apr-2014__0.159 kwh  
  __3PM Tuesday 30th-Dec-2014__0.502 kwh 
 6 PM   10th-Aug-2014__1.728kwh
3AM   29th-Jul-2014___0.408kwh
 3PM  Saturday 15-Mar-2014___0.662kwh 
10 AM   21st-Jun-2014_0.95  kwh 
  __5AM 18-Apr-2014_0.267kwh
 _8 PM Tue 28th-Jan-2014__3.04  kwh
 __12PM   Sunday 20th-Apr-2014____0.207 kwh
 __5PM   Friday 21st-Feb-2014__1.607kwh  
__9 AM Thursday 24-Jul-2014_0.85 kwh 
__5AM  Fri 17th-Jan-2014__2.20  kwh  
 __1PM   08th-May-2014__0.374 kwh
 _1PM Mon 17-Feb-2014___0.418  kwh 
  3AM   Thu 25th-Dec-2014__0.251 kwh  
  __8PM  17-Mar-2014_1.408kwh
_1AM Fri 15th-Aug-2014__0.269  kwh 
 4 AM  7-Aug-2014_0.242  kwh
  _1AM Fri 17th-Oct-2014__0.098 kwh 
 _7 AM 14-Jan-2014__2.088  kwh
  __7AM 6-Apr-2014____0.382 kwh 
2 AM  14-Jan-2014___0.46 kwh  
 _7AM 01st-Jul-2014__1.814 kwh
__5PM  28-Sep-2014___0.58 kwh  
 __11AM  Sun 20-Apr-2014__0.149  kwh 
 __3PM  05th-Jul-2014____2.549  kwh 
__1 AM   28-Jul-2014_0.408 kwh  
8AM Saturday 13th-Sep-2014____0.846kwh 
 _7 PM 28th-Jan-2014_3.816 kwh 
__4AM 29th-Nov-2014_0.143kwh 
 _8 PM 14-Sep-2014_1.361 kwh
  __5PM   6th-Apr-2014____0.319kwh
_3PM  1st-Feb-2014__0.864kwh 
  _2 PM  3rd-Jan-2014____0.888 kwh 
_3PM   Wed 2-Jul-2014____0.854kwh 
  8PM  21st-Mar-2014___1.344  kwh 
 __3 PM 06-Jun-2014_0.59  kwh 
__6PM 11-Jul-2014____3.192  kwh
11 PM Tue 25-Mar-2014____0.456 kwh  
  6AM Wed 24-Dec-2014___1.082  kwh  
 __11PM   Wed 29th-Jan-2014__1.03kwh 
 2AM  24-Jan-2014_0.468kwh
 _6AM  Sun 7th-Sep-2014____0.482  kwh  
  12AM 29th-Jan-2014__0.696 kwh  
 _2PM   27-Jan-2014____0.856  kwh
  _8PM 24-Jan-2014_3.424 kwh  
7AM 26-Nov-2014____0.377kwh  
 6AM   23-Jul-2014_3.427kwh
  _9AM  27th-Dec-2014__0.891 kwh 
_5PM  Tue 4-Mar-2014_0.957 kwh
6PM   Sun 22nd-Jun-2014__3.208 kwh 
  __5 AM  Saturday 12-Apr-2014_0.093kwh 
 _12PM  25th-Feb-2014_0.48 kwh
_3AM Sun 02nd-Mar-2014__0.199kwh 
2 AM   Tuesday 14-Oct-2014____0.144 kwh
  _11AM Thu 27th-Mar-2014___0.332 kwh  
  __11AM 28-May-2014_0.368kwh
 __11AM Fri 14-Feb-2014__0.558 kwh
  __2AM  10-Apr-2014__0.049  kwh  
 __12 AM   26th-Dec-2014____0.34kwh  
 __8AM   8th-Sep-2014__0.249  kwh 
_5PM  29-Jan-2014_2.106kwh  
10 PM   Monday 09th-Jun-2014__1.053 kwh
  _7PM 14th-Oct-2014____0.886  kwh
 1 AM 24th-Jul-2014____0.422 kwh 
  _4AM   8-Feb-2014____0.40kwh 
__7 AM Wednesday 22-Jan-2014___1.44 kwh  
  _10PM   Mon 28th-Apr-2014___0.164kwh  
 __7PM 5th-May-2014_1.31  kwh  
__10 PM  Tuesday 27th-May-2014_0.408kwh
 7AM 20th-Mar-2014__0.576kwh
  _10PM Tuesday 23-Sep-2014__0.368 kwh 
  _3PM   21-Feb-2014____0.461kwh 
  3PM   13th-Jul-2014__1.728kwh 
  _7 AM 14-Nov-2014__0.356kwh
__2PM Friday 11-Apr-2014_0.133kwh  
 _5AM   Friday 3-Oct-2014____0.719  kwh 
  4PM   Tue 01st-Jul-2014__1.123 kwh  
 _5AM  13-Dec-2014__0.383 kwh  
_11 AM 31st-Aug-2014_0.72  kwh  
__9 PM 15-Nov-2014____0.16 kwh
  8PM  24-Apr-2014___0.49 kwh  
_2AM   18-Apr-2014___0.051  kwh
_7 AM  13-Mar-2014__0.763  kwh  
  __11 AM 27-Oct-2014__0.258kwh 
  _7 PM  4th-Aug-2014__2.052kwh
_12PM   Friday 14-Nov-2014__0.203  kwh  
_5AM   Thu 24th-Apr-2014___0.297kwh  
10 AM 29-Jul-2014___0.912  kwh 
  2PM  Sunday 6-Apr-2014_0.194kwh  
 6AM 18-Jun-2014____2.052  kwh  
 __9PM   21-Nov-2014____0.18 kwh 
 1AM  26-Apr-2014___0.104  kwh  
_8PM   Wednesday 7th-May-2014____1.088  kwh  
  _12PM Tue 18-Nov-2014____0.248 kwh
  _12 AM 24th-Dec-2014____0.393kwh 
 8PM  Thu 01-May-2014_1.242  kwh
__11AM  04th-Jun-2014___0.873  kwh 
__4AM   Thursday 6th-Mar-2014___0.134 kwh 
_5PM  22nd-Sep-2014_0.746kwh  
  _3 AM 2nd-Feb-2014___0.425kwh
  __6 AM  Monday 24th-Nov-2014_0.508  kwh  
_7 AM Sunday 21-Sep-2014__0.874  kwh 
 __4AM Friday 28-Nov-2014__0.081  kwh  
 4 PM   Thu 17-Jul-2014_1.008 kwh 
  __11 PM  Mon 16-Jun-2014__0.738 kwh
  __5 AM  Thu 2-Jan-2014_1.892  kwh
  _12PM  28-Oct-2014___0.36kwh  
 6AM 25th-Sep-2014___0.672 kwh  
  __7PM  Tuesday 10-Jun-2014_3.272 kwh 
 _3AM 15-Oct-2014__0.137  kwh 
 __8AM  Sat 25-Oct-2014___0.718kwh
 __12PM 29-Mar-2014__0.514  kwh
  12AM Thursday 22-May-2014____0.262 kwh  
 4AM  4th-Nov-2014_0.077  kwh 
 _7PM Sat 4-Oct-2014_1.285kwh  
  __9PM   Monday 23-Jun-2014____1.004kwh  
 _2 PM  07th-Oct-2014___0.226 kwh
  __10AM  11-Jan-2014_1.38 kwh 
 _10PM  12th-Dec-2014__0.724kwh
 _9AM Fri 21-Mar-2014___0.204 kwh 
_5AM  23-Jun-2014_1.782 kwh  
 3AM   Wed 09th-Jul-2014____0.485 kwh 
 __9PM   Fri 08-Aug-2014__0.48  kwh 
  _8 AM   14th-Feb-2014____0.461  kwh 
 __7PM 2nd-Feb-2014_2.009 kwh  
__6 AM   27-Mar-2014_0.883 kwh
 7AM Tue 4th-Mar-2014__0.677kwh  
 _11PM   Tuesday 22nd-Jul-2014___1.032kwh
 _7AM  Friday 24th-Jan-2014__1.458 kwh  
  __2PM 21st-Dec-2014____0.977 kwh  
9PM   15th-Sep-2014_0.42 kwh 
 _3 AM   Tue 24-Jun-2014__0.292kwh  
  10AM  Tuesday 18th-Mar-2014_0.301 kwh
  12 AM   Sun 19-Oct-2014___0.504 kwh 
 8 PM  Saturday 19-Jul-2014_4.838kwh  
 __4AM Thursday 06th-Feb-2014_0.274 kwh
 _4AM 3-Oct-2014____0.125  kwh 
  _7 AM  7-Jan-2014_1.962 kwh
__11 PM  23rd-Feb-2014____0.546 kwh 
  _11PM   Sunday 6-Apr-2014_0.164kwh 
__7PM   18th-Mar-2014____1.483  kwh 
  __10AM   Fri 18th-Apr-2014_0.127 kwh
  _5PM  Thursday 10-Jul-2014_3.463 kwh 
12PM  17-May-2014___0.398 kwh  
 8 AM Fri 28-Mar-2014___0.371  kwh  
 _11PM  21st-Jun-2014_2.088 kwh
 9 AM   13th-Jul-2014____2.052  kwh 
  __5AM   23-Nov-2014_0.153  kwh 
_4 PM   Sun 9-Mar-2014__0.756kwh 
_2PM 20th-Mar-2014_0.355kwh
 6PM Thu 3-Jul-2014____3.293 kwh 
 __12 AM  08th-Jan-2014__0.522  kwh 
 11PM   1st-Jul-2014____1.104  kwh 
4AM   7th-Jul-2014___0.557  kwh
 __4AM Sunday 02nd-Feb-2014__0.421  kwh 
3AM 10th-Jul-2014__0.528 kwh 
__7 AM  26th-Apr-2014_0.428kwh
 5PM  10th-Aug-2014_1.177  kwh  
  _3 PM   Tuesday 4-Feb-2014___0.485kwh 
  __2AM  25th-Jun-2014___0.313 kwh
 __1AM  9-Oct-2014___0.098 kwh  
_6AM Thu 02nd-Oct-2014___0.821  kwh 
_12AM   17-Oct-2014____0.214kwh 
 4AM  Sat 12th-Apr-2014_0.081 kwh 
  _10PM 18-Dec-2014_0.572 kwh
 __5 PM Wed 19th-Feb-2014__1.576kwh 
 _1 PM   10-Dec-2014___0.418  kwh 
6PM   25-Apr-2014____0.403 kwh
 4AM  Mon 29-Dec-2014____0.191  kwh  
_12PM  21-Nov-2014____0.252 kwh  
 10AM 23rd-Jun-2014____0.662  kwh  
 __1PM 19th-Oct-2014____0.295 kwh
 __10 PM  Wednesday 28th-May-2014____0.456  kwh  
8 PM Thu 2nd-Jan-2014___2.688  kwh
 9PM   28th-Nov-2014____0.207  kwh
  _12PM 21-Aug-2014__0.534 kwh 
  __7 AM  Mon 02-Jun-2014____1.814 kwh
  _3PM  22nd-Jan-2014_0.704kwh  
__3PM Tue 25th-Feb-2014___0.427kwh  
 2PM  12th-Oct-2014__0.552 kwh  
4AM   Fri 30th-May-2014___0.19kwh
  10AM   08th-Oct-2014_0.197 kwh
  7AM 22-Sep-2014_0.586 kwh
 __8PM  09-Sep-2014____1.154 kwh
  __10AM Tue 25-Nov-2014____0.144 kwh
  10AM  7-Dec-2014__0.528  kwh  
6AM Wednesday 26th-Mar-2014_0.902kwh
 _4PM   Wed 1st-Jan-2014_0.936 kwh
  __10PM 26th-Mar-2014____0.424  kwh 
10PM  18th-Jun-2014_0.774  kwh  
11AM  13th-Jan-2014_1.02 kwh 
 _6PM   26th-Nov-2014___0.636  kwh  
_3PM   27th-May-2014__0.368 kwh  
_10PM   6th-Jul-2014_1.20kwh 
  __9 AM Sun 30-Nov-2014____0.405kwh  
 _10 PM Fri 23rd-May-2014__0.448  kwh  
_10AM Sat 18-Jan-2014_1.176 kwh
12AM  Thursday 11-Sep-2014__0.239 kwh 
_8AM   7th-Sep-2014____1.083kwh  
  __5 AM 4th-May-2014_0.24kwh
  __6AM   22-Jun-2014___1.656  kwh
8AM  Sat 15th-Nov-2014____0.579 kwh 
__3PM  Wednesday 23-Jul-2014_0.874 kwh  
 __5PM   Wednesday 01-Oct-2014___0.92  kwh
1 AM  10th-Feb-2014_0.216  kwh  
  _4 PM 25-Jul-2014__0.864 kwh
 4PM Sun 6-Apr-2014___0.281kwh 
__9 AM 16th-Oct-2014____0.16 kwh
9AM   Friday 04th-Jul-2014__0.662  kwh
8 AM  10-Jan-2014___0.688 kwh
 10 PM  6th-Jan-2014_1.00 kwh  
  4AM Sun 23-Nov-2014____0.139kwh 
_2AM   Sun 27th-Apr-2014_0.088  kwh 
_3AM  24-Feb-2014___0.214 kwh
__4AM   Sunday 25-May-2014____0.266 kwh  
  1 AM  Sat 25th-Oct-2014__0.202 kwh
  2PM 22nd-Nov-2014____0.331kwh
  _3 AM   7-Oct-2014_0.126kwh 
 _6PM Tuesday 02nd-Dec-2014____1.463kwh
 _11AM  4-Jan-2014____1.224kwh 
10PM Wednesday 4th-Jun-2014____0.864  kwh 
7PM  05-Sep-2014____1.134kwh 
  9 PM   08th-Feb-2014___0.504 kwh  
 __2 AM  22nd-Jan-2014__0.412kwh
  _10AM  05-Sep-2014_0.288kwh 
_3AM  Thu 16th-Oct-2014____0.143  kwh 
  1AM   4th-Feb-2014__0.218 kwh  
 12AM 21-Jul-2014____0.763 kwh 
  _3PM   Wed 26-Nov-2014____0.169  kwh 
 _5AM  Sat 26th-Apr-2014__0.103  kwh
  __1PM  29-Aug-2014__0.461  kwh
  6PM  Sun 05-Oct-2014____1.026kwh 
__8AM  Tuesday 12-Aug-2014__0.485  kwh  
_2 AM  Saturday 20-Sep-2014_0.216  kwh
  _12 AM 27-Aug-2014_0.389kwh
  _4AM   20-May-2014____0.182 kwh  
  4 PM  Tue 21st-Oct-2014____0.262  kwh
 _5 AM   3rd-Nov-2014___0.45  kwh
  _10PM   24-Jul-2014____1.272  kwh
__7 AM Wed 24th-Sep-2014____0.743kwh
 __11AM  Thu 11th-Sep-2014___0.406  kwh
  __7 AM 05-Jan-2014_2.64kwh  
  __5PM  27-Aug-2014___1.31  kwh
  5PM Sun 30th-Nov-2014____0.344 kwh 
  __2 PM 10th-Apr-2014_0.131  kwh 
  11AM   3rd-Aug-2014____0.828kwh
 3PM Wed 3-Dec-2014__0.427kwh
  7AM   Tue 17th-Jun-2014__1.474  kwh
 _4PM   Monday 5-May-2014____0.269kwh 
_3AM  Tue 7th-Jan-2014_0.44  kwh 
 __12 AM Sunday 21-Dec-2014____0.924 kwh 
  _6AM 23rd-Apr-2014_0.385  kwh  
 _4 AM   22nd-Feb-2014___0.40kwh  
__8PM  27th-Aug-2014_2.112kwh
 __11 PM Sat 13th-Sep-2014____0.637  kwh 
 __9AM Sat 29-Mar-2014____0.806  kwh 
  _3 AM 27th-Dec-2014___0.396kwh 
 2AM  Monday 17-Nov-2014____0.094  kwh  
__8 AM  21st-Dec-2014____1.544  kwh 
 _10PM  Sat 8th-Feb-2014___0.403  kwh  
  __10AM  30th-Aug-2014____0.626  kwh 
__1PM   Sun 23-Feb-2014__0.749kwh  
_6AM Friday 24-Jan-2014___2.208 kwh  
  12 AM  5-Jan-2014___1.904kwh
 __12AM  Sat 09-Aug-2014____1.123kwh  
 __5AM Thursday 10-Apr-2014___0.363kwh 
__6 PM  Sun 21-Dec-2014___1.624  kwh  
  1AM 17th-Jan-2014___0.324  kwh  
_11 PM Sat 29th-Nov-2014_0.495 kwh  
 7AM   11-Jul-2014_2.203  kwh  
  6 PM  30th-Sep-2014___1.00 kwh 
 _5 AM 16-Dec-2014____1.343kwh 
  __6PM   Monday 24th-Mar-2014__0.918  kwh
  2PM Tuesday 28-Oct-2014___0.202 kwh 
  11PM   Friday 17th-Jan-2014___1.64 kwh  
8PM 1-Jan-2014_3.20 kwh 
 _9AM   Sun 8-Jun-2014__1.895 kwh  
 _11 AM   Tue 07th-Jan-2014___1.17 kwh
  12AM   Sat 13th-Dec-2014__0.994 kwh  
  3PM Sun 2-Feb-2014_1.21kwh  
 _8 AM 22-Oct-2014____0.271  kwh 
 __4AM   Wed 18-Jun-2014____0.421  kwh
 __1PM 22nd-Aug-2014____0.494  kwh  
__1AM   Tue 6th-May-2014___0.162 kwh
8PM   Thu 11th-Dec-2014____1.478  kwh  
_1AM  Fri 07th-Nov-2014_0.084 kwh 
 _6AM 20-May-2014__1.027 kwh
 __2 AM  Tuesday 8th-Apr-2014___0.052 kwh
9 PM 27th-Jan-2014_1.428  kwh  
 _12 PM 25th-Aug-2014_0.528  kwh  